<?xml version="1.0" encoding="utf-8"?>
<COLLADA xmlns="http://www.collada.org/2005/11/COLLADASchema" version="1.4.1">
<asset>
	<contributor>
		<author>Anonymous</author>
		<authoring_tool>Collada Exporter for Blender 2.6+, by Juan Linietsky (juan@codenix.com)</authoring_tool>
	</contributor>
	<created>2023-11-25T19:03:27Z</created>
	<modified>2023-11-25T19:03:27Z</modified>
	<unit meter="1.0" name="meter"/>
	<up_axis>Z_UP</up_axis>
</asset>
<library_images>
	<image id="id-image-28" name="as.png">
		<init_from>as.png</init_from>
	</image>
</library_images>
<library_effects>
	<effect id="id-fx-27" name="Material-fx">
		<profile_COMMON>
			<newparam sid="id-fx_surf-29">
				<surface type="2D">
					<init_from>id-image-28</init_from>
					<format>A8R8G8B8</format>
				</surface>
			</newparam>
			<newparam sid="id-fx_sampler-30">
				<sampler2D>
					<source>id-fx_surf-29</source>
				</sampler2D>
			</newparam>
			<technique sid="common">
				<blinn>
					<emission>
						<color>  0.800000011920929 0.800000011920929 0.800000011920929 1.0 </color>
					</emission>
					<ambient>
						<color>  0.0 0.0 0.0 1.0 </color>
					</ambient>
					<diffuse>
						<texture texture="id-fx_sampler-30" texcoord="CHANNEL1"/>
					</diffuse>
					<specular>
						<color>  0.5 0.5 0.5 1.0 </color>
					</specular>
					<shininess>
						<float>50</float>
					</shininess>
					<reflective>
						<color>  0.5 0.5 0.5 1.0 </color>
					</reflective>
					<index_of_refraction>
						<float>1.2</float>
					</index_of_refraction>
				</blinn>
				<extra>
					<technique profile="FCOLLADA">
					</technique>
					<technique profile="GOOGLEEARTH">
						<double_sided>1</double_sided>
					</technique>
				</extra>
			</technique>
		</profile_COMMON>
	</effect>
</library_effects>
<library_materials>
	<material id="id-material-31" name="Material">
		<instance_effect url="#id-fx-27"/>
	</material>
</library_materials>
<library_geometries>
	<geometry id="id-mesh-32" name="Cube">
		<mesh>
			<source id="id-mesh-32-positions">
				<float_array id="id-mesh-32-positions-array" count="222"> -0.016393598169088364 0.11536014080047607 0.05985146760940552 0.5637603402137756 0.3676645755767822 0.05985146760940552 0.202932670712471 0.5106383562088013 0.05985146760940552 -0.17322421073913574 1.0815985202789307 0.05759045109152794 0.1228952407836914 0.9910175204277039 0.05759045109152794 -0.08765730261802673 1.1809401512145996 0.05759045109152794 1.6257240772247314 -0.5109319686889648 0.05985146760940552 1.3444702625274658 1.1610090732574463 0.08955203741788864 2.8195486068725586 0.18393993377685547 0.02719338983297348 3.0792999267578125 1.205282211303711 -0.04654133319854736 2.1878509521484375 1.825739860534668 0.010065427981317043 0.43107205629348755 -0.37280213832855225 0.05985146760940552 -0.31287986040115356 0.30909252166748047 0.0021756072528660297 0.20057545602321625 -0.1253058910369873 0.0021756072528660297 0.3420678377151489 0.28760701417922974 0.0021756072528660297 0.027009155601263046 0.7117460370063782 0.0021756072528660297 0.20432697236537933 0.9181455969810486 0.0021756072528660297 0.028396721929311752 0.9177485108375549 0.0021756072528660297 3.030200958251953 2.0418717861175537 0.029784001410007477 -0.2588975727558136 -0.5066573619842529 0.0021756072528660297 0.2294960469007492 -0.509879469871521 0.0021756072528660297 -0.18999432027339935 -1.1520369052886963 0.0021756072528660297 0.03136317804455757 -1.5706264972686768 0.0021756072528660297 0.03436557576060295 -1.1415622234344482 0.0021756072528660297 -0.04519011825323105 -1.9363961219787598 0.0021756072528660297 0.10866028070449829 -1.9337430000305176 0.0021756072528660297 0.24501468241214752 -2.1429004669189453 0.0021756072528660297 -0.15794871747493744 -2.2141544818878174 0.0021756072528660297 0.13397321105003357 -2.7405965328216553 0.0021756072528660297 -0.17032340168952942 1.0308241844177246 0.03840344771742821 -0.012811446562409401 0.8184251189231873 0.03840344771742821 0.03732127323746681 0.8835250735282898 0.03840344771742821 -0.29912295937538147 -0.16805648803710938 -0.03270526975393295 -0.17881685495376587 -0.6505637764930725 -0.03270526975393295 -0.036730438470840454 -0.3314729928970337 -0.03270526975393295 -0.5746055841445923 -1.2592251300811768 -0.03270526975393295 -0.14178268611431122 -1.3534955978393555 -0.03270526975393295 0.14607049524784088 0.16224002838134766 0.03591088205575943 -0.07325588166713715 0.5575183033943176 0.03591088205575943 -0.43408358097076416 0.4145444631576538 0.03591088205575943 -1.4960473775863647 -0.46405208110809326 0.03591088205575943 -1.2147935628890991 1.2093185186386108 0.06864595413208008 -2.980863332748413 1.254143238067627 -0.06612356752157211 -2.6898715496063232 0.23224949836730957 0.006287306547164917 -2.089414358139038 1.8746007680892944 -0.009516800753772259 -0.3013952970504761 -0.32592225074768066 0.03591088205575943 -2.9317643642425537 2.0907328128814697 0.010201756842434406 0.042537037283182144 -0.7313687205314636 -0.03270526975393295 0.11387668550014496 -0.2392331212759018 -0.03270526975393295 -0.13081568479537964 -0.42812585830688477 -0.03270526975393295 0.49733757972717285 -1.2972960472106934 -0.03270526975393295 0.5062926411628723 -0.695895791053772 -0.03270526975393295 0.021093476563692093 0.8755823969841003 0.05759045109152794 0.2597488760948181 0.7028430104255676 0.0021756072528660297 -0.2564511001110077 -0.07936161756515503 0.0021756072528660297 -0.11204639077186584 1.105351209640503 0.03840344771742821 0.08745399117469788 0.9486250281333923 0.03840344771742821 -0.31154677271842957 1.2620775699615479 0.03840344771742821 -0.37796810269355774 1.1781232357025146 0.03840344771742821 -0.2286004275083542 0.9562970995903015 0.03840344771742821 0.14890508353710175 1.1334483623504639 0.0021756072528660297 0.029784273356199265 1.123751163482666 0.0021756072528660297 -0.08933654427528381 1.1140539646148682 0.0021756072528660297 -0.14753355085849762 0.9173514246940613 0.0021756072528660297 -0.00209040567278862 1.2802813053131104 0.05759045109152794 0.22469700872898102 1.1064527034759521 0.05759045109152794 -0.22887781262397766 1.4541101455688477 0.05759045109152794 -0.3675418794155121 1.2876145839691162 0.05759045109152794 -0.2982098460197449 1.3708622455596924 0.05759045109152794 -0.16729237139225006 -1.6420624256134033 0.0021756072528660297 -0.6437925696372986 -0.6617507338523865 -0.03270526975393295 -0.20573055744171143 0.7206489443778992 0.0021756072528660297 0.07614290714263916 -1.4344727993011475 -0.03270526975393295 -0.4443894326686859 1.0941689014434814 0.03840344771742821</float_array>
				<technique_common>
				<accessor source="#id-mesh-32-positions-array" count="74" stride="3">
					<param name="X" type="float"/>
					<param name="Y" type="float"/>
					<param name="Z" type="float"/>
				</accessor>
				</technique_common>
			</source>
			<source id="id-mesh-32-normals">
				<float_array id="id-mesh-32-normals-array" count="222"> 0.0 0.0 1.0 -0.005876239389181137 -0.007102636154741049 0.9999575614929199 0.0 0.0 1.0 -1.1777259167899956e-08 0.0 1.0 -7.63888685639813e-09 0.0 1.0 -6.146400721718237e-09 0.0 1.0 0.011753848753869534 -0.011690140701830387 0.999862551689148 0.036080341786146164 0.005290393717586994 0.9993348717689514 0.056729283183813095 0.021940061822533607 0.998148500919342 0.0526062548160553 -0.0004524434916675091 0.9986152052879333 0.05325444042682648 -0.014580857008695602 0.9984744787216187 1.28182853220693e-09 0.0 1.0 1.1726516979670976e-10 0.0 1.0 2.2869825477833672e-10 0.0 1.0 1.8631456100148824e-10 0.0 1.0 -3.798183122183385e-12 0.0 1.0 8.645076321478484e-10 0.0 1.0 4.648847279353774e-11 0.0 1.0 -1.4262536041087515e-08 -0.09085658192634583 0.9958639740943909 4.190795280245574e-11 0.0 1.0 1.9816073781875332e-10 0.0 1.0 -1.2285361616903856e-10 0.0 1.0 -2.2524221376940545e-10 0.0 1.0 -1.3799345000009566e-10 0.0 1.0 -2.2120823228721775e-10 0.0 1.0 1.592549286888456e-10 0.0 1.0 -9.338795708968561e-11 0.0 1.0 -1.2578756092285204e-10 0.0 1.0 0.0 0.0 0.9999999403953552 -7.047636696455584e-09 0.0 1.0 -8.47918890656274e-09 0.0 1.0 0.0 0.0 1.0 2.4417681210309183e-09 0.0 1.0 2.2743626981736043e-09 0.0 1.0 0.0 0.0 1.0 1.9693762176586915e-09 0.0 1.0 3.0966287312139684e-09 0.0 1.0 1.8492571918216072e-09 0.0 1.0 5.352881249365282e-09 0.0 1.0 0.006472396198660135 -0.007823213003575802 0.9999485015869141 -0.010600309818983078 -0.013267518021166325 0.9998558163642883 -0.034113895148038864 0.002757502719759941 0.9994141459465027 -0.050980303436517715 -0.0030379202216863632 0.9986950755119324 -0.055252667516469955 0.019702531397342682 0.998278021812439 -0.052000876516103745 -0.016385400667786598 0.9985125660896301 1.9227426317769414e-09 0.0 1.0 -1.2662052739642604e-08 -0.09085661917924881 0.9958639740943909 -3.64302232824798e-09 0.0 1.0 -2.131547160999503e-10 0.0 1.0 8.708320287098559e-09 0.0 0.9999999403953552 -7.877507535170025e-09 0.0 1.0 -3.2004736638668874e-09 0.0 1.0 0.0 0.0 1.0 -1.996881826560326e-10 0.0 1.0 -4.58732288266539e-11 0.0 1.0 -9.714497650747944e-09 0.0 1.0 0.0 0.0 1.0 -4.395572794635427e-09 0.0 1.0 -1.1491261275864417e-08 0.0 1.0 -1.4852389540465083e-08 0.0 1.0 8.714495097761343e-11 0.0 1.0 5.719726359210142e-10 0.0 1.0 1.0025565932991753e-09 0.0 1.0 -5.133475311502878e-10 0.0 1.0 -1.5436331324281127e-08 0.0 1.0 -2.1226592039624848e-08 0.0 1.0 3.73270161446726e-08 0.0 1.0 -6.717859601934606e-09 0.0 1.0 3.1103063236059825e-08 0.0 1.0 -6.763555271405153e-10 0.0 1.0 1.8002657142801581e-09 0.0 1.0 3.6740169240268017e-10 0.0 1.0 -1.2386519365747972e-08 0.0 1.0 -3.4146847127658475e-08 0.0 1.0</float_array>
				<technique_common>
				<accessor source="#id-mesh-32-normals-array" count="74" stride="3">
					<param name="X" type="float"/>
					<param name="Y" type="float"/>
					<param name="Z" type="float"/>
				</accessor>
				</technique_common>
			</source>
			<source id="id-mesh-32-texcoord-0">
				<float_array id="id-mesh-32-texcoord-0-array" count="148"> 0.0005727410316467285 0.1993444263935089 0.08007562160491943 0.2982122302055359 0.002680271863937378 0.2899726927280426 0.11388196051120758 0.8981580138206482 0.16524548828601837 0.9873714447021484 0.08805494755506516 0.9332681894302368 0.350525438785553 0.24117162823677063 0.14472532272338867 0.5119243264198303 0.4978928565979004 0.4755449891090393 0.451482892036438 0.6828000545501709 0.23512795567512512 0.7103520035743713 0.12552177906036377 0.15436413884162903 0.8170300126075745 0.7803686857223511 0.9497766494750977 0.6680613160133362 0.9863572120666504 0.7748137712478638 0.9049035310745239 0.8844688534736633 0.9507463574409485 0.9378304481506348 0.9052622318267822 0.9377277493476868 0.3644753098487854 0.8273918032646179 0.830986499786377 0.5694683194160461 0.9572535753250122 0.5686354041099548 0.8488003015518188 0.4026149809360504 0.9060289859771729 0.29439473152160645 0.9068055152893066 0.4053230881690979 0.8862374424934387 0.1998303234577179 0.9260131120681763 0.20051628351211548 0.9612654447555542 0.14644166827201843 0.857085108757019 0.12801995873451233 0.9325573444366455 -0.008083641529083252 0.2534819543361664 0.923026442527771 0.3340122103691101 0.9582728147506714 0.3166457414627075 0.9793562293052673 -0.009436815977096558 0.06274566054344177 0.106687992811203 0.11791655421257019 0.018554329872131348 0.13760167360305786 0.28118377923965454 0.048750340938568115 0.2829332947731018 0.16326022148132324 0.0005727410316467285 0.1993444263935089 0.002680271863937378 0.2899726927280426 0.08007562160491943 0.2982122302055359 0.350525438785553 0.24117162823677063 0.14472532272338867 0.5119243264198303 0.451482892036438 0.6828000545501709 0.4978928565979004 0.4755449891090393 0.23512795567512512 0.7103520035743713 0.12552177906036377 0.15436413884162903 0.3644753098487854 0.8273918032646179 0.106687992811203 0.11791655421257019 -0.009436815977096558 0.06274566054344177 0.018554329872131348 0.13760167360305786 0.28118377923965454 0.048750340938568115 0.1333087682723999 0.0006529092788696289 0.1950802206993103 0.9458045959472656 0.9650749564170837 0.8821671009063721 0.8316190242767334 0.6799395084381104 0.23366637527942657 0.9474495649337769 0.29927927255630493 1.0004396438598633 0.16805347800254822 0.8944594264030457 0.19031815230846405 0.8666965961456299 0.273297518491745 0.8986033201217651 0.9364177584648132 0.9934937953948975 0.9056209325790405 0.9909866452217102 0.874824047088623 0.988479495048523 0.859778106212616 0.9376250505447388 0.06222793459892273 0.9683783054351807 0.13541075587272644 1.0289382934570312 -0.010954886674880981 0.9078183174133301 0.03268370032310486 0.8505114316940308 0.010864406824111938 0.8791648745536804 0.8546695709228516 0.27592596411705017 0.1333087682723999 0.0006529092788696289 0.8447321653366089 0.8867706060409546 0.2829332947731018 0.16326022148132324 0.21258282661437988 0.8389338254928589</float_array>
				<technique_common>
				<accessor source="#id-mesh-32-texcoord-0-array" count="74" stride="2">
					<param name="S" type="float"/>
					<param name="T" type="float"/>
				</accessor>
				</technique_common>
			</source>
			<source id="id-mesh-32-colors">
				<float_array id="id-mesh-32-colors-array" count="222"> 1.0 1.0 1.0 1.0 1.0 1.0 1.0 1.0 1.0 1.0 1.0 1.0 1.0 1.0 1.0 0.9019607901573181 0.9019607901573181 0.9019607901573181 1.0 1.0 1.0 1.0 1.0 1.0 1.0 1.0 1.0 1.0 1.0 1.0 1.0 1.0 1.0 1.0 1.0 1.0 1.0 1.0 1.0 1.0 1.0 1.0 1.0 1.0 1.0 1.0 1.0 1.0 1.0 1.0 1.0 1.0 1.0 1.0 1.0 1.0 1.0 1.0 1.0 1.0 1.0 1.0 1.0 1.0 1.0 1.0 1.0 1.0 1.0 1.0 1.0 1.0 1.0 1.0 1.0 1.0 1.0 1.0 1.0 1.0 1.0 1.0 1.0 1.0 1.0 1.0 1.0 1.0 1.0 1.0 1.0 1.0 1.0 1.0 1.0 1.0 1.0 1.0 1.0 1.0 1.0 1.0 1.0 1.0 1.0 1.0 1.0 1.0 1.0 1.0 1.0 1.0 1.0 1.0 1.0 1.0 1.0 1.0 1.0 1.0 1.0 1.0 1.0 1.0 1.0 1.0 1.0 1.0 1.0 1.0 1.0 1.0 1.0 1.0 1.0 1.0 1.0 1.0 1.0 1.0 1.0 1.0 1.0 1.0 1.0 1.0 1.0 1.0 1.0 1.0 1.0 1.0 1.0 1.0 1.0 1.0 1.0 1.0 1.0 1.0 1.0 1.0 1.0 1.0 1.0 0.7843137383460999 0.7843137383460999 0.7843137383460999 1.0 1.0 1.0 1.0 1.0 1.0 1.0 1.0 1.0 1.0 1.0 1.0 1.0 1.0 1.0 1.0 1.0 1.0 0.8784313797950745 0.8784313797950745 0.8784313797950745 1.0 1.0 1.0 1.0 1.0 1.0 1.0 1.0 1.0 1.0 1.0 1.0 1.0 1.0 1.0 1.0 1.0 1.0 1.0 1.0 1.0 1.0 1.0 1.0 1.0 1.0 1.0 1.0 1.0 1.0 1.0 1.0 1.0</float_array>
				<technique_common>
				<accessor source="#id-mesh-32-colors-array" count="74" stride="3">
					<param name="X" type="float"/>
					<param name="Y" type="float"/>
					<param name="Z" type="float"/>
				</accessor>
				</technique_common>
			</source>
			<vertices id="id-mesh-32-vertices">
				<input semantic="POSITION" source="#id-mesh-32-positions"/>
			</vertices>
			<triangles count="64" material="id-trimat-33">
				<input semantic="VERTEX" source="#id-mesh-32-vertices" offset="0"/>
				<input semantic="NORMAL" source="#id-mesh-32-normals" offset="0"/>
				<input semantic="TEXCOORD" source="#id-mesh-32-texcoord-0" offset="0" set="0"/>
				<input semantic="COLOR" source="#id-mesh-32-colors" offset="0"/>
				<p> 0 1 2 3 4 5 6 7 1 7 8 9 9 10 7 0 11 1 12 13 14 15 16 17 6 8 7 9 18 10 1 11 6 13 19 20 21 22 23 22 24 25 24 26 25 26 27 28 19 23 20 29 30 31 32 33 34 33 35 36 15 12 14 37 38 39 40 39 41 41 42 43 42 41 44 37 39 45 40 41 43 42 44 46 39 40 45 47 48 49 47 50 51 3 52 4 15 53 16 12 54 13 13 54 19 55 31 56 57 29 55 58 59 29 17 60 61 62 17 61 63 15 17 64 4 65 66 5 64 67 5 68 21 69 22 22 69 24 24 27 26 19 21 23 29 59 30 32 70 33 33 70 35 14 53 15 15 71 12 47 51 48 47 72 50 55 29 31 57 58 29 58 73 59 17 16 60 62 63 17 63 71 15 64 5 4 66 68 5 67 3 5 </p>
			</triangles>
		</mesh>
	</geometry>
</library_geometries>
<library_controllers>
	<controller id="id-controller-34">
		<skin source="#id-mesh-32">
			<bind_shape_matrix> 1.0 0.0 0.0 0.0 0.0 1.0 0.0 0.0 0.0 0.0 1.0 0.0 0.0 0.0 0.0 1.0  </bind_shape_matrix>
			<source id="id-controller-34-joints">
				<Name_array id="id-controller-34-joints-array" count="24"> id-skelbones-2-0 id-skelbones-2-1 id-skelbones-2-2 id-skelbones-2-3 id-skelbones-2-4 id-skelbones-2-5 id-skelbones-2-6 id-skelbones-2-7 id-skelbones-2-8 id-skelbones-2-9 id-skelbones-2-10 id-skelbones-2-11 id-skelbones-2-12 id-skelbones-2-13 id-skelbones-2-14 id-skelbones-2-15 id-skelbones-2-16 id-skelbones-2-17 id-skelbones-2-18 id-skelbones-2-19 id-skelbones-2-20 id-skelbones-2-21 id-skelbones-2-22 id-skelbones-2-23</Name_array>
				<technique_common>
				<accessor source="#id-controller-34-joints-array" count="24" stride="1">
					<param name="JOINT" type="Name"/>
				</accessor>
				</technique_common>
			</source>
			<source id="id-controller-34-bind_poses">
				<float_array id="id-controller-34-bind_poses-array" count="384">  0.9861246347427368 -0.16600093245506287 -0.0013914336450397968 0.020081164315342903 0.16600634157657623 0.9860684275627136 0.010537364520132542 0.4140583574771881 -0.00037716366932727396 -0.010622141882777214 0.9999435544013977 0.01959216594696045 -0.0 0.0 -0.0 1.0    -0.21851202845573425 -0.9757630228996277 -0.011791433207690716 0.23557670414447784 0.9758308529853821 -0.21852722764015198 -4.656612873077393e-10 0.032768357545137405 -0.002576748840510845 -0.011506445705890656 0.9999306201934814 0.01984475366771221 -0.0 0.0 -0.0 1.0    0.671788215637207 -0.7406493425369263 -0.011791431345045567 -0.2670973837375641 0.740700900554657 0.6718348860740662 -3.259628567064965e-09 -0.4765160381793976 0.007921895012259483 -0.008733922615647316 0.9999305009841919 0.013917091302573681 -0.0 0.0 -0.0 1.0    0.6537655591964722 -0.7566052079200745 -0.011791430413722992 -0.22654369473457336 0.7566577196121216 0.6538110375404358 -1.8626449271863521e-09 -1.6876144409179688 0.007709367200732231 -0.00892207957804203 0.9999305009841919 0.014395313337445259 -0.0 0.0 -0.0 1.0    0.23558354377746582 -0.9717825651168823 -0.011791432276368141 0.5699095129966736 0.9718501567840576 0.23559993505477905 -4.423782229423523e-09 -1.6044343709945679 0.002778062131255865 -0.011459505185484886 0.9999305605888367 0.02378728799521923 -0.0 0.0 -0.0 1.0    -0.4507139325141907 -0.8925904035568237 -0.011791432276368141 1.474028468132019 0.8926525712013245 -0.450745165348053 -9.313224635931761e-10 -0.8518364429473877 -0.005314934067428112 -0.010525655001401901 0.9999305009841919 0.03444888815283775 -0.0 0.0 -0.0 1.0    -0.9957555532455444 -0.09127771109342575 -0.01179143413901329 1.5037732124328613 0.09128399938344955 -0.9958248138427734 1.2805684290739805e-09 0.7981391549110413 -0.011742204427719116 -0.0010763711761683226 0.9999305605888367 0.03479965403676033 -0.0 0.0 -0.0 1.0    0.24676688015460968 0.9690366387367249 0.00860370509326458 -0.2345876544713974 -0.9690725803375244 0.24677591025829315 -1.3969838619232178e-09 -0.039602670818567276 -0.002123188925907016 -0.008337616920471191 0.9999630451202393 0.019084615632891655 -0.0 -0.0 -0.0 1.0    0.5861912965774536 0.8101269602775574 0.00860370509326458 -0.03346407413482666 -0.8101569414138794 0.5862128734588623 -2.3283064365386963e-09 -0.5527330636978149 -0.005043605342507362 -0.006970352027565241 0.9999630451202393 0.017354141920804977 -0.0 -0.0 -0.0 1.0    0.5689910054206848 0.8222988247871399 0.008603706024587154 -0.07222981005907059 -0.8223293423652649 0.569011926651001 -1.862645371275562e-09 -1.8390748500823975 -0.004895612597465515 -0.007075079716742039 0.9999630451202393 0.017687685787677765 -0.0 0.0 -0.0 1.0    0.21192248165607452 0.9772486686706543 0.008603706024587154 -0.7688984274864197 -0.9772847890853882 0.21193015575408936 -1.3969839729455202e-09 -1.6721123456954956 -0.0018233860610052943 -0.008408271707594395 0.9999630451202393 0.02368183620274067 -0.0 0.0 -0.0 1.0    -0.5296607613563538 0.84816575050354 0.00860370509326458 -1.7171087265014648 -0.848197340965271 -0.5296804308891296 1.1641532182693481e-09 -0.6620036959648132 0.004557215142995119 -0.0072976392693817616 0.9999630451202393 0.03184026479721069 -0.0 0.0 -0.0 1.0    -0.9985851049423218 0.05247603356838226 0.008603704161942005 -1.5269489288330078 -0.05247803032398224 -0.9986220002174377 7.566995918750763e-10 1.0272488594055176 0.008591849356889725 -0.00045150500955060124 0.9999630451202393 0.03020412288606167 -0.0 0.0 -0.0 1.0    0.9999600052833557 0.008928242139518261 -0.0005495548830367625 -0.021677983924746513 -0.008928199298679829 0.99996018409729 3.2741809263825417e-10 -0.2370721697807312 0.0005495329387485981 4.906558842776576e-06 0.9999998211860657 0.017053674906492233 -0.0 0.0 -0.0 1.0    0.7399401068687439 0.6726727485656738 -0.0005495548830367625 -0.7168986201286316 -0.6726727485656738 0.7399402260780334 2.3283067140944524e-10 -0.7703310251235962 0.00040663781692273915 0.00036967077176086605 0.9999998211860657 0.016671612858772278 -0.0 -0.0 -0.0 1.0    9.790880606264096e-11 0.9999998807907104 -0.0005495548830367625 -1.0522398948669434 -1.0 -6.46090825284773e-08 -8.090909886515618e-11 0.01227459404617548 -1.1636153152139173e-10 0.000549555174075067 0.9999998211860657 0.016487322747707367 -0.0 0.0 0.0 1.0    -0.9999982714653015 -0.0018867915496230125 0.0 -0.08930639177560806 0.0018867915496230125 -0.9999982118606567 -0.0 -0.41064420342445374 0.0 0.0 1.0 0.023926200345158577 -0.0 0.0 -0.0 1.0    -0.9995801448822021 -0.028973335400223732 0.0 -0.11780758202075958 0.02897333726286888 -0.9995800852775574 -0.0 -1.0506021976470947 0.0 0.0 1.0 0.02392619661986828 -0.0 0.0 -0.0 1.0    -0.9892903566360474 -0.14596085250377655 0.0 -0.2990512549877167 0.14596086740493774 -0.9892902970314026 -0.0 -1.528375267982483 0.0 0.0 1.0 0.023926198482513428 -0.0 0.0 -0.0 1.0    -0.9810070395469666 -0.19397187232971191 0.0 -0.39499035477638245 0.1939718872308731 -0.9810069799423218 -0.0 -1.9601383209228516 0.0 0.0 1.0 0.023926198482513428 -0.0 0.0 -0.0 1.0    -0.5578360557556152 -0.8299511671066284 0.0 -0.385307252407074 0.8299511671066284 -0.5578360557556152 -0.0 -0.15230637788772583 0.0 0.0 1.0 0.023926198482513428 -0.0 0.0 -0.0 1.0    -0.9874405860900879 0.1579904705286026 0.0 0.3810516595840454 -0.15799055993556976 -0.9874405264854431 0.0 -0.6007057428359985 0.0 -0.0 1.0 0.02392619661986828 -0.0 0.0 -0.0 1.0    -0.539053738117218 0.8422713875770569 0.0 0.29318463802337646 -0.8422713875770569 -0.5390537977218628 -0.0 -0.2927485704421997 0.0 -0.0 1.0 0.023926200345158577 -0.0 0.0 -0.0 1.0    -0.9784033298492432 -0.20670494437217712 0.0 -0.507034182548523 0.20670488476753235 -0.9784033894538879 -0.0 -0.5048871636390686 0.0 0.0 1.0 0.023926200345158577 -0.0 0.0 -0.0 1.0  </float_array>
				<technique_common>
				<accessor source="#id-controller-34-bind_poses-array" count="24" stride="16">
					<param name="TRANSFORM" type="float4x4"/>
				</accessor>
				</technique_common>
			</source>
			<source id="id-controller-34-skin_weights">
				<float_array id="id-controller-34-skin_weights-array" count="74"> 1.0 1.0 1.0 1.0 1.0 1.0 1.0 1.0 1.0 1.0 1.0 1.0 1.0 1.0 1.0 1.0 1.0 1.0 1.0 1 1 1.0 1.0 1.0 1.0 1.0 1.0 1.0 1.0 1.0 1.0 1.0 1.0 1.0 1.0 1.0 1.0 1.0 1.0 1.0 1.0 1.0 1.0 1.0 1.0 1.0 1.0 1.0 1.0 1.0 1.0 1.0 1.0 1.0 1.0 1.0 1.0 1.0 1.0 1.0 1.0 1.0 1.0 1.0 1.0 1.0 1.0 1.0 1.0 1.0 1.0 1.0 1.0 1.0</float_array>
				<technique_common>
				<accessor source="#id-controller-34-skin_weights-array" count="74" stride="1">
					<param name="WEIGHT" type="float"/>
				</accessor>
				</technique_common>
			</source>
			<joints>
				<input semantic="JOINT" source="#id-controller-34-joints"/>
				<input semantic="INV_BIND_MATRIX" source="#id-controller-34-bind_poses"/>
			</joints>
			<vertex_weights count="74">
				<input semantic="JOINT" source="#id-controller-34-joints" offset="0"/>
				<input semantic="WEIGHT" source="#id-controller-34-skin_weights" offset="1"/>
				<vcount> 1 1 1 1 1 1 1 1 1 1 1 1 1 1 1 1 1 1 1 1 1 1 1 1 1 1 1 1 1 1 1 1 1 1 1 1 1 1 1 1 1 1 1 1 1 1 1 1 1 1 1 1 1 1 1 1 1 1 1 1 1 1 1 1 1 1 1 1 1 1 1 1 1 1</vcount>
				<v> 1 0 2 1 1 2 14 3 14 4 14 5 6 6 3 7 5 8 4 9 3 10 2 11 0 12 0 13 0 14 13 15 13 16 13 17 3 18 0 19 0 20 16 21 17 22 16 23 18 24 18 25 19 26 19 27 19 28 15 29 15 30 15 31 22 32 23 33 22 34 23 35 23 36 7 37 7 38 8 39 12 40 9 41 10 42 11 43 9 44 8 45 9 46 21 47 20 48 20 49 21 50 21 51 14 52 13 53 0 54 15 55 15 56 15 57 15 58 15 59 13 60 13 61 13 62 13 63 14 64 14 65 14 66 14 67 14 68 17 69 23 70 13 71 21 72 15 73</v>
			</vertex_weights>
		</skin>
	</controller>
</library_controllers>
<library_visual_scenes>
	<visual_scene id="id-scene-1" name="scene">
		<node id="Armature" name="Armature" type="NODE">
			<matrix sid="transform"> 1.0 0.0 0.0 0.0 0.0 1.0 0.0 0.0 0.0 0.0 1.0 0.0 0.0 0.0 0.0 1.0  </matrix>
			<node id="id-bone-3" sid="id-skelbones-2-0" name="brzuch" type="JOINT">
				<matrix sid="transform"> 0.9861246347427368 0.16600631177425385 -0.00037716340739279985 -0.08853143453598022 -0.16600091755390167 0.9860683679580688 -0.01062214095145464 -0.40474820137023926 -0.0013914334122091532 0.010537364520132542 0.9999434947967529 -0.023926198482513428 0.0 0.0 0.0 1.0  </matrix>
				<node id="id-bone-4" sid="id-skelbones-2-1" name="bark2" type="JOINT">
					<matrix sid="transform"> -0.05348612368106842 0.9985666275024414 -0.0020222514867782593 -8.685674401931465e-09 -0.9985678195953369 -0.05348868668079376 -0.0012372658820822835 0.6510749459266663 -0.0013436598237603903 0.001953178783878684 0.9999971985816956 1.6425474314019084e-09 0.0 0.0 0.0 1.0  </matrix>
					<node id="id-bone-5" sid="id-skelbones-2-2" name="biceps2" type="JOINT">
						<matrix sid="transform"> 0.5760435461997986 -0.8174037933349609 -0.0049994043074548244 -1.9936123862862587e-08 0.8174037933349609 0.575984537601471 0.009639033116400242 0.5254265666007996 -0.004999400116503239 -0.009639033116400242 0.9999411702156067 3.4924596548080444e-10 0.0 0.0 0.0 1.0  </matrix>
						<node id="id-bone-6" sid="id-skelbones-2-3" name="palec1-2" type="JOINT">
							<matrix sid="transform"> 0.9997103214263916 0.024069130420684814 -3.416091203689575e-06 3.2188836485147476e-08 -0.024069011211395264 0.9997103214263916 -0.0002838289365172386 1.2051608562469482 -3.4170225262641907e-06 0.0002838297514244914 0.9999999403953552 0.0 0.0 0.0 0.0 1.0  </matrix>
						</node>
						<node id="id-bone-7" sid="id-skelbones-2-4" name="palec2-2" type="JOINT">
							<matrix sid="transform"> 0.8781514763832092 0.47838059067726135 -0.0014368663541972637 3.2188836485147476e-08 -0.4783804714679718 0.878134548664093 -0.005641181953251362 1.2051608562469482 -0.001436870195902884 0.005641181953251362 0.999983012676239 0.0 0.0 0.0 0.0 1.0  </matrix>
						</node>
						<node id="id-bone-8" sid="id-skelbones-2-5" name="palec3-2" type="JOINT">
							<matrix sid="transform"> 0.3584514260292053 0.9335177540779114 -0.007565299514681101 3.2188836485147476e-08 -0.9335177540779114 0.3583621680736542 -0.011008279398083687 1.2051608562469482 -0.007565305568277836 0.011008275672793388 0.9999107718467712 0.0 0.0 0.0 0.0 1.0  </matrix>
						</node>
						<node id="id-bone-9" sid="id-skelbones-2-6" name="palec4-2" type="JOINT">
							<matrix sid="transform"> -0.6011932492256165 0.7988806962966919 -0.018881672993302345 3.2188836485147476e-08 -0.7988807559013367 -0.601415753364563 -0.009420606307685375 1.2051608562469482 -0.018881676718592644 0.009420600719749928 0.9997772574424744 0.0 0.0 0.0 0.0 1.0  </matrix>
						</node>
					</node>
				</node>
				<node id="id-bone-10" sid="id-skelbones-2-7" name="bark1" type="JOINT">
					<matrix sid="transform"> 0.08246984332799911 -0.9965913891792297 -0.002101058606058359 -8.685674401931465e-09 0.9965920448303223 0.08246585726737976 0.0019630538299679756 0.6510749459266663 -0.0017830959986895323 -0.0022557913325726986 0.9999958276748657 1.6425474314019084e-09 0.0 0.0 0.0 1.0  </matrix>
					<node id="id-bone-11" sid="id-skelbones-2-8" name="biceps1" type="JOINT">
						<matrix sid="transform"> 0.9297693967819214 0.3681420385837555 0.0006042667664587498 1.6239937394857407e-08 -0.3681420087814331 0.9297642111778259 0.0031675035133957863 0.46193426847457886 0.0006042650202289224 -0.0031675039790570736 0.9999948143959045 8.149072527885437e-10 0.0 0.0 0.0 1.0  </matrix>
						<node id="id-bone-12" sid="id-skelbones-2-9" name="palec1-1" type="JOINT">
							<matrix sid="transform"> 0.9997779130935669 -0.02107018232345581 1.9101426005363464e-06 3.859167918562889e-08 0.02107030153274536 0.9997778534889221 -0.00018128985539078712 1.2874583005905151 1.911073923110962e-06 0.0001812904083635658 1.0 9.313225746154785e-10 0.0 0.0 0.0 1.0  </matrix>
						</node>
						<node id="id-bone-13" sid="id-skelbones-2-10" name="palec2-1" type="JOINT">
							<matrix sid="transform"> 0.9159964323043823 -0.40118539333343506 0.0007227682508528233 3.859167918562889e-08 0.40118539333343506 0.91599041223526 -0.0034518090542405844 1.2874583005905151 0.0007227681344375014 0.0034518102183938026 0.9999938011169434 9.313225746154785e-10 0.0 0.0 0.0 1.0  </matrix>
						</node>
						<node id="id-bone-14" sid="id-skelbones-2-11" name="palec3-1" type="JOINT">
							<matrix sid="transform"> 0.3767136335372925 -0.9263141751289368 0.005362771917134523 3.859167918562889e-08 0.9263142347335815 0.37666743993759155 -0.007970031350851059 1.2874583005905151 0.005362772382795811 0.007970031350851059 0.9999538660049438 9.313225746154785e-10 0.0 0.0 0.0 1.0  </matrix>
						</node>
						<node id="id-bone-15" sid="id-skelbones-2-12" name="palec3-1.001" type="JOINT">
							<matrix sid="transform"> -0.542775571346283 -0.8397728204727173 0.013274077326059341 3.859167918562889e-08 0.8397727608680725 -0.5428897738456726 -0.007225426379591227 1.2874583005905151 0.01327407918870449 0.007225425913929939 0.9998857975006104 9.313225746154785e-10 0.0 0.0 0.0 1.0  </matrix>
						</node>
					</node>
				</node>
				<node id="id-bone-16" sid="id-skelbones-2-13" name="kark" type="JOINT">
					<matrix sid="transform"> 0.9846038818359375 -0.17479868233203888 -0.0008503400022163987 -8.685674401931465e-09 0.17479771375656128 0.984546959400177 0.010633427649736404 0.6510749459266663 -0.0010215089423581958 -0.010618350468575954 0.999943196773529 1.6425474314019084e-09 0.0 0.0 0.0 1.0  </matrix>
					<node id="id-bone-17" sid="id-skelbones-2-14" name="czaszka" type="JOINT">
						<matrix sid="transform"> 0.745916485786438 -0.6660395264625549 -0.00013963274250272661 -8.74024408403784e-10 0.6660394668579102 0.7459164261817932 0.0003660254296846688 0.8150069713592529 -0.00013963303354103118 -0.00036602531326934695 0.9999999403953552 2.0600054995156825e-09 0.0 0.0 0.0 1.0  </matrix>
					</node>
					<node id="id-bone-18" sid="id-skelbones-2-15" name="szczena" type="JOINT">
						<matrix sid="transform"> 0.008928477764129639 -0.9999600052833557 -0.0005446483846753836 -8.74024408403784e-10 0.9999600052833557 0.008928199298679829 0.0005495333462022245 0.8150069713592529 -0.0005446485592983663 -0.0005495330551639199 0.9999997019767761 2.0600054995156825e-09 0.0 0.0 0.0 1.0  </matrix>
					</node>
				</node>
			</node>
			<node id="id-bone-19" sid="id-skelbones-2-16" name="ogon1" type="JOINT">
				<matrix sid="transform"> -0.9999982118606567 0.0018867915496230125 0.0 -0.08853143453598022 -0.0018867915496230125 -0.9999982714653015 0.0 -0.41081199049949646 0.0 0.0 1.0 -0.023926198482513428 0.0 0.0 0.0 1.0  </matrix>
				<node id="id-bone-20" sid="id-skelbones-2-17" name="ogon2" type="JOINT">
					<matrix sid="transform"> 0.9996331334114075 -0.027087289839982986 0.0 8.381903171539307e-09 0.027087289839982986 0.9996331334114075 0.0 0.6427635550498962 0.0 0.0 1.0 1.862645149230957e-09 0.0 0.0 0.0 1.0  </matrix>
					<node id="id-bone-21" sid="id-skelbones-2-18" name="ogon3" type="JOINT">
						<matrix sid="transform"> 0.9931039810180664 -0.11723653227090836 0.0 0.0 0.11723654717206955 0.9931039810180664 0.0 0.5022931694984436 0.0 0.0 1.0 -1.862645149230957e-09 0.0 0.0 0.0 1.0  </matrix>
						<node id="id-bone-22" sid="id-skelbones-2-19" name="ohon4" type="JOINT">
							<matrix sid="transform"> 0.9988132119178772 -0.04870589077472687 0.0 3.3527612686157227e-08 0.04870589077472687 0.9988132119178772 0.0 0.4486752152442932 0.0 0.0 1.0 0.0 0.0 0.0 0.0 1.0  </matrix>
						</node>
					</node>
				</node>
			</node>
			<node id="id-bone-23" sid="id-skelbones-2-20" name="udo2" type="JOINT">
				<matrix sid="transform"> -0.5578360557556152 0.8299511671066284 0.0 -0.08853143453598022 -0.8299511671066284 -0.5578360557556152 0.0 -0.40474820137023926 0.0 0.0 1.0 -0.023926198482513428 0.0 0.0 0.0 1.0  </matrix>
				<node id="id-bone-24" sid="id-skelbones-2-21" name="noga2" type="JOINT">
					<matrix sid="transform"> 0.4197055399417877 0.9076603651046753 0.0 1.4901161193847656e-08 -0.9076603651046753 0.4197056293487549 0.0 0.4456787705421448 0.0 0.0 1.0 0.0 0.0 0.0 0.0 1.0  </matrix>
				</node>
			</node>
			<node id="id-bone-25" sid="id-skelbones-2-22" name="udo1" type="JOINT">
				<matrix sid="transform"> -0.5390537977218628 -0.8422713875770569 0.0 -0.08853143453598022 0.8422713875770569 -0.539053738117218 0.0 -0.40474820137023926 0.0 0.0 1.0 -0.023926198482513428 0.0 0.0 0.0 1.0  </matrix>
				<node id="id-bone-26" sid="id-skelbones-2-23" name="noga1" type="JOINT">
					<matrix sid="transform"> 0.35331040620803833 -0.9355062246322632 0.0 -1.4901161193847656e-08 0.9355062246322632 0.35331040620803833 0.0 0.359966903924942 0.0 0.0 1.0 1.862645149230957e-09 0.0 0.0 0.0 1.0  </matrix>
				</node>
			</node>
			<node id="Cube" name="Cube" type="NODE">
				<matrix sid="transform"> 1.0 0.0 0.0 0.0 0.0 1.0 0.0 0.0 0.0 0.0 1.0 0.0 0.0 0.0 0.0 1.0  </matrix>
				<instance_controller url="#id-controller-34">
					<skeleton>#id-bone-3</skeleton>
					<skeleton>#id-bone-19</skeleton>
					<skeleton>#id-bone-23</skeleton>
					<skeleton>#id-bone-25</skeleton>
					<bind_material>
						<technique_common>
							<instance_material symbol="id-trimat-33" target="#id-material-31"/>
						</technique_common>
					</bind_material>
				</instance_controller>
			</node>
		</node>
	</visual_scene>
</library_visual_scenes>
<scene>
	<instance_visual_scene url="#id-scene-1" />
</scene>
</COLLADA>
