vnt
verts:xyz,bones:xzy
-0.3444 0.0535 -0.0025 -0.0003 0.0015 -1.0 0.0347 0.3675 
0.3502 0.0502 -0.0027 -0.0003 0.0015 -1.0 0.2402 0.3665 
-0.3212 2.08 0.0005 -0.0003 0.0015 -1.0 0.0416 0.967 
0.3456 2.0848 0.0004 -0.0003 0.0015 -1.0 0.2388 0.9684 
-0.2941 1.1841 0.0122 0.0 -0.0005 -1.0 0.0156 0.0223 
0.3185 1.1813 0.0122 0.0 -0.0005 -1.0 0.2611 0.021 
-0.2737 1.9162 0.0118 0.0 -0.0005 -1.0 0.0238 0.343 
0.3144 1.9203 0.0119 0.0 -0.0005 -1.0 0.2594 0.3447 

indices
2 1 0 
2 3 1 
6 5 4 
6 7 5 
end
