vnt
verts:xyz,bones:xzy
-3.4973 0.002 0.5577 -0.7584 -0.0011 0.6517 0.7411 0.565 
-2.0064 0.0083 0.5577 0.6797 0.0428 0.7322 0.9415 0.5613 
-3.5019 3.2554 0.5577 -0.7756 -0.006 0.6312 0.7453 0.9706 
-2.2144 3.3113 0.5577 0.6726 0.0443 0.7387 0.9152 0.9865 
-3.1096 0.0038 1.0089 -0.4179 -0.0009 0.9085 0.8019 0.5567 
-2.4923 0.0064 1.0089 0.3771 0.0239 0.9259 0.881 0.5579 
-2.7099 3.2912 1.0089 0.3569 0.0236 0.9339 0.8524 0.9908 
-3.1374 3.2667 1.0089 -0.4224 -0.0036 0.9064 0.7983 0.9876 
1.9004 4.1422 -1.2291 0.496 0.6651 0.5583 0.7152 0.7763 
0.3868 5.3109 -1.2291 -0.0357 0.7612 0.6475 0.5509 0.9314 
0.4176 4.2532 -0.0438 -0.0075 0.7517 0.6595 0.5446 0.8134 
-1.0612 4.142 -1.2291 -0.4735 0.7078 0.5243 0.3858 0.7805 
0.4615 0.0067 -0.1638 0.0152 0.0074 0.9999 0.1751 0.4437 
0.4615 0.0067 -0.1638 0.0152 0.0074 0.9999 0.1915 0.4458 
-0.2533 2.6383 1.3967 0.6714 0.2188 0.708 0.3485 0.3597 
-0.2533 2.6383 1.3967 0.6714 0.2188 0.708 0.2592 0.8262 
-0.2533 2.6383 1.3967 0.6714 0.2188 0.708 0.9935 0.6038 
-1.7017 2.5948 1.4892 -0.7373 0.1802 0.6511 0.1359 0.3513 
-1.7017 2.5948 1.4892 -0.7373 0.1802 0.6511 0.1123 0.5198 
-1.7017 2.5948 1.4892 -0.7373 0.1802 0.6511 0.9917 0.0547 
-1.6939 2.8715 1.4944 -0.7576 0.5552 0.3433 0.1352 0.3879 
-1.6939 2.8715 1.4944 -0.7576 0.5552 0.3433 0.9945 0.4569 
-1.6939 2.8715 1.4944 -0.7576 0.5552 0.3433 0.1388 0.5191 
-1.1822 2.9633 1.873 -0.095 0.6219 0.7773 0.2331 0.4023 
-1.1822 2.9633 1.873 -0.095 0.6219 0.7773 0.2102 0.4012 
-1.1822 2.9633 1.873 -0.095 0.6219 0.7773 1.0013 0.3265 
-0.2911 2.9562 1.4163 0.6397 0.6312 0.4385 0.3517 0.3989 
-0.2911 2.9562 1.4163 0.6397 0.6312 0.4385 0.2837 0.8259 
-0.2911 2.9562 1.4163 0.6397 0.6312 0.4385 0.9994 0.0875 
-1.1335 -0.0276 1.8784 -0.0569 0.0017 0.9984 0.2367 0.0406 
-1.1335 -0.0276 1.8784 -0.0569 0.0017 0.9984 0.2075 0.0231 
-2.6128 0.0045 0.8442 -0.5726 -0.0027 0.8199 0.0038 0.0037 
2.8308 -0.0028 -0.2173 0.4665 0.0043 0.8845 0.8115 0.003 
-2.551 2.5595 0.898 -0.4682 0.6194 0.6301 0.0138 0.3349 
-2.551 2.5595 0.898 -0.4682 0.6194 0.6301 0.9945 0.3486 
0.384 4.2598 -0.1638 -0.0343 -0.0437 0.9985 0.1978 0.9843 
0.384 4.2598 -0.1638 -0.0343 -0.0437 0.9985 0.1667 0.989 
2.8695 2.3984 -0.247 0.4048 0.6168 0.675 0.8164 0.3095 
2.8695 2.3984 -0.247 0.4048 0.6168 0.675 0.9857 -0.0441 
1.8189 4.2058 -1.2312 0.5621 -0.2996 0.7708 0.3609 0.9541 
-0.869 4.1588 -1.2312 -0.6044 -0.3001 0.738 0.0056 0.9525 
1.6799 -0.007 -1.2312 0.6589 0.0 0.7522 0.3449 0.4377 
-0.8406 0.0113 -1.2312 -0.6339 0.0151 0.7733 0.0121 0.4341 
-3.6944 3.2556 0.5298 -0.5497 0.5572 0.6223 0.3672 0.6146 
-2.7817 3.2184 1.3692 0.0133 0.6521 0.758 0.4784 0.6355 
-2.7436 4.1936 0.5298 0.0319 0.6514 0.7581 0.4861 0.752 
-1.9663 3.2479 0.5298 0.6113 0.5025 0.6114 0.5727 0.635 
2.2078 -0.0031 -0.521 -0.6529 -0.0014 0.7575 0.7411 0.565 
4.007 0.0022 -0.521 0.5658 0.0515 0.8229 0.9415 0.5613 
2.2021 2.7131 -0.521 -0.6725 -0.0074 0.7401 0.7453 0.9442 
3.756 2.7599 -0.521 0.5586 0.0531 0.8277 0.9152 0.9601 
2.6757 -0.0016 -0.1177 -0.3484 -0.0012 0.9374 0.8019 0.5567 
3.4206 0.0006 -0.1177 0.3115 0.0286 0.9498 0.881 0.5579 
3.158 2.743 -0.1177 0.281 0.0269 0.9593 0.8524 0.9644 
2.642 2.7226 -0.1177 -0.3586 -0.0044 0.9335 0.7983 0.9613 
1.9699 2.7134 -0.546 -0.427 0.6257 0.6528 0.3672 0.6146 
3.0713 2.6823 0.2043 0.01 0.6774 0.7356 0.4784 0.6355 
3.1173 3.4964 -0.546 0.0349 0.6762 0.7359 0.4861 0.752 
4.0554 2.7069 -0.546 0.4859 0.5773 0.6562 0.5727 0.635 
1.6799 3.9451 -1.2312 0.6105 -0.1474 0.7782 0.3511 0.9167 
0.395 3.9287 -0.1638 -0.0257 -0.0006 0.9997 0.1972 0.9339 
0.395 3.9287 -0.1638 -0.0257 -0.0006 0.9997 0.1675 0.938 
-0.7475 3.9141 -1.2312 -0.6466 -0.1504 0.7479 0.0238 0.9173 
-0.2618 4.6768 -1.2291 -0.5311 0.6596 0.5318 0.4756 0.8625 
0.4054 4.7037 -0.5144 -0.0419 0.7347 0.6771 0.5471 0.8602 
1.1783 4.6808 -1.2291 0.5106 0.6559 0.5559 0.6498 0.838 
-0.1854 2.6383 -1.4716 -0.4857 -0.0315 -0.8736 0.3485 0.3597 
1.3107 2.5948 -1.4231 0.5758 -0.0012 -0.8176 0.1359 0.3513 
2.5973 1.282 -0.5198 0.5716 -0.0044 -0.8205 0.0088 0.1693 
0.7541 -0.0276 -1.8287 0.0867 -0.026 -0.9959 0.2075 0.0231 
0.7541 -0.0276 -1.8287 0.0867 -0.026 -0.9959 0.2367 0.0406 
2.6274 0.0045 -0.492 0.5777 0.0002 -0.8162 0.0038 0.0037 
-2.8553 -0.0028 0.1081 -0.4939 -0.0207 -0.8693 0.8115 0.003 
2.5672 2.5595 -0.5476 0.5716 -0.0044 -0.8205 0.0138 0.3349 
-2.8948 2.3984 0.1367 -0.5106 0.0018 -0.8598 0.8164 0.3095 
-0.2457 2.6383 1.1989 0.5889 0.8079 0.0214 0.9513 0.5796 
-0.2457 2.6383 1.1989 0.5889 0.8079 0.0214 0.2596 0.8129 
-1.694 2.5948 1.2915 -0.5872 0.809 -0.0254 0.1123 0.5388 
-1.694 2.5948 1.2915 -0.5872 0.809 -0.0254 0.9447 0.0855 
-1.6863 2.8715 1.2967 -0.8555 0.5167 -0.0329 0.1387 0.5383 
-1.6863 2.8715 1.2967 -0.8555 0.5167 -0.0329 0.9441 0.4578 
-1.171 2.9633 1.6349 -0.0825 0.9966 -0.0038 0.9471 0.3266 
-0.2834 2.9562 1.2186 0.786 0.6174 0.0302 0.2843 0.8127 
-0.2834 2.9562 1.2186 0.786 0.6174 0.0302 0.9451 0.0876 
-2.3656 2.5595 0.747 -0.0263 0.9991 -0.0323 0.9419 0.3342 
2.7051 2.3984 -0.4039 0.0517 0.9972 -0.0541 0.936 -0.0301 

indices
4 2 0 
4 6 7 
5 3 6 
10 65 64 
23 29 26 
31 17 33 
20 30 24 
26 29 14 
10 63 11 
35 59 39 
12 62 42 
17 30 20 
14 32 37 
44 45 43 
44 46 45 
51 49 47 
51 53 54 
52 50 53 
56 57 55 
56 58 57 
62 36 40 
59 13 41 
64 65 9 
63 64 9 
4 7 2 
4 5 6 
5 1 3 
10 8 65 
31 30 17 
10 64 63 
35 60 59 
12 61 62 
14 29 32 
51 54 49 
51 52 53 
52 48 50 
62 61 36 
59 60 13 
67 68 71 
66 72 74 
71 69 67 
66 70 72 
18 79 77 
34 78 84 
15 82 27 
21 81 80 
38 75 16 
28 81 25 
67 73 68 
18 22 79 
34 19 78 
15 76 82 
21 25 81 
38 85 75 
28 83 81 
end
