vnt
verts:xyz,bones:xzy
0.7046 0.3136 0.0386 0.0 0.0 1.0 0.6363 0.9683 
0.6577 -0.1023 0.0386 0.0 0.0 1.0 0.6205 0.8284 
-0.3417 0.3461 0.0386 -0.0 0.0 1.0 0.2843 0.9792 
-0.3201 -0.1095 0.0386 -0.0 0.0 1.0 0.2916 0.826 
0.3578 0.3495 0.0302 -0.0 0.0 1.0 0.2546 0.9659 
0.3662 -0.2184 0.0302 -0.0 0.0 1.0 0.257 0.8017 
-0.4658 0.3579 0.0302 -0.0 0.0 1.0 0.0166 0.9683 
-0.4448 -0.2226 0.0302 -0.0 0.0 1.0 0.0226 0.8005 
-0.1225 -0.0566 0.0194 0.0 0.0 1.0 0.1371 0.772 
-0.1141 -0.3897 0.0194 0.0 0.0 1.0 0.1395 0.6757 
-0.4221 -0.0692 0.0194 0.0 0.0 1.0 0.0505 0.7684 
-0.4766 -0.3939 0.0194 0.0 0.0 1.0 0.0347 0.6745 
-0.0344 0.0079 -0.0022 0.0 0.0 1.0 0.1225 0.6472 
-0.026 -0.3252 -0.0022 0.0 0.0 1.0 0.125 0.5509 
-0.334 -0.0046 -0.0022 0.0 0.0 1.0 0.0359 0.6435 
-0.3885 -0.3294 -0.0022 0.0 0.0 1.0 0.0202 0.5497 
-0.3598 0.2063 0.0349 -0.0 0.0 1.0 0.3067 0.7902 
-0.3346 -0.1478 0.0349 -0.0 0.0 1.0 0.314 0.6878 
-0.7096 0.1476 0.0349 -0.0 0.0 1.0 0.2056 0.7732 
-0.8354 -0.1939 0.0349 0.0 0.0 1.0 0.1692 0.6745 
0.2639 0.0148 -0.0202 0.0 0.0 1.0 0.1225 0.6472 
0.2723 -0.3183 -0.0202 -0.0 0.0 1.0 0.125 0.5509 
-0.0357 0.0022 -0.0202 -0.0 0.0 1.0 0.0359 0.6435 
-0.0902 -0.3225 -0.0202 -0.0 0.0 1.0 0.0202 0.5497 
0.3263 -0.0376 0.0108 0.0 0.0 1.0 0.1371 0.772 
0.3347 -0.3707 0.0108 0.0 0.0 1.0 0.1395 0.6757 
0.0268 -0.0502 0.0108 0.0 0.0 1.0 0.0505 0.7684 
-0.0277 -0.3749 0.0108 0.0 0.0 1.0 0.0347 0.6745 

indices
2 1 0 
2 3 1 
4 7 5 
10 9 8 
14 13 12 
18 17 16 
22 21 20 
26 25 24 
4 6 7 
10 11 9 
14 15 13 
18 19 17 
22 23 21 
26 27 25 
end
