vnt
verts:xyz,bones:xzy
-1.6723 0.6697 -0.341 0.0065 -0.1967 -0.9804 0.97 0.2192 
1.6832 0.6634 -0.3174 0.0065 -0.1967 -0.9804 0.0423 0.2192 
-1.6744 0.0494 -0.2166 0.0065 -0.1967 -0.9804 0.97 0.0443 
1.6812 0.0431 -0.193 0.0065 -0.1967 -0.9804 0.0423 0.0443 
-1.6607 0.0438 0.437 0.2258 0.1521 0.9622 0.0423 0.0443 
1.6062 0.0438 -0.3296 0.2258 0.1521 0.9622 0.97 0.0443 
-1.6827 0.669 0.3433 0.2258 0.1521 0.9622 0.0423 0.2192 
1.5842 0.669 -0.4232 0.2258 0.1521 0.9622 0.97 0.2192 
-1.4798 0.0233 0.1176 -0.1063 0.1767 0.9785 0.0005 0.5944 
0.504 0.021 0.3335 -0.1063 0.1767 0.9785 0.569 0.5944 
-1.4674 0.6276 0.0098 -0.1063 0.1767 0.9785 0.0005 0.7693 
0.5164 0.6253 0.2258 -0.1063 0.1767 0.9785 0.569 0.7693 
1.6354 0.0241 -0.053 -0.2525 -0.2241 -0.9413 0.0005 0.5944 
-0.2921 0.0263 0.4636 -0.2525 -0.2241 -0.9413 0.569 0.5944 
1.6005 0.6224 -0.1861 -0.2525 -0.2241 -0.9413 0.0005 0.7693 
-0.3271 0.6246 0.3305 -0.2525 -0.2241 -0.9413 0.569 0.7693 
-0.9 0.0558 -0.0698 -0.1435 0.249 0.9578 0.0306 0.8157 
1.5566 0.0544 0.2986 -0.1435 0.249 0.9578 0.6629 0.8152 
-0.8768 0.6503 -0.2209 -0.1435 0.249 0.9578 0.0308 0.9779 
1.5799 0.649 0.1475 -0.1435 0.249 0.9578 0.6631 0.9774 

indices
2 1 3 
5 6 4 
9 10 8 
5 7 6 
9 11 10 
2 0 1 
13 14 12 
13 15 14 
17 18 16 
17 19 18 
end
