vnt
verts:xyz,bones:xzy
-0.8882 0.0136 -0.2224 -0.4098 0.1314 0.9027 0.023 0.8093 
0.3471 0.0136 0.3383 -0.4098 0.1314 0.9027 0.3448 0.8093 
-0.848 0.7466 -0.3109 -0.4098 0.1314 0.9027 0.023 0.9847 
-0.1589 0.0238 0.2527 0.3546 0.1313 0.9257 0.3943 0.8224 
0.8327 0.0297 -0.128 0.3546 0.1313 0.9257 0.6462 0.8238 
-0.1959 0.6883 0.1726 0.3546 0.1313 0.9257 0.3929 0.9814 
0.8809 0.7179 -0.2441 0.3546 0.1313 0.9257 0.6667 0.9885 
-1.0211 0.0228 -0.0846 0.0 0.2147 0.9767 0.0145 0.2778 
1.1147 0.0149 -0.0829 0.0 0.2147 0.9767 0.6842 0.2752 
-1.0103 0.8668 -0.2702 0.0 0.2147 0.9767 0.0179 0.5487 
1.1255 0.8589 -0.2684 0.0 0.2147 0.9767 0.6876 0.5462 

indices
4 5 3 
8 9 7 
4 6 5 
8 10 9 
2 0 1 
end
