vnt
verts:xyz,bones:xzy
-1.6693 2.7539 0.0853 -0.004 0.0605 0.9982 0.1081 0.2533 
0.4233 0.4849 0.2313 -0.0038 0.0605 0.9982 0.2998 0.0451 
0.1104 4.2713 0.0005 -0.0039 0.0605 0.9982 0.2711 0.3925 
2.4643 1.9533 0.1496 -0.0036 0.0605 0.9982 0.4867 0.1797 
-1.7619 0.881 0.2817 0.0001 0.0529 0.9986 0.5938 0.1335 
0.8462 0.8658 0.2822 0.0001 0.0529 0.9986 0.8292 0.1321 
-1.7315 2.8914 0.1751 0.0001 0.0529 0.9986 0.5965 0.3151 
0.8766 2.8762 0.1756 0.0001 0.0529 0.9986 0.8319 0.3138 
-0.6814 1.9159 0.4043 -0.0096 0.0969 0.9952 0.8048 0.495 
0.9904 2.9955 0.3153 -0.0093 0.0949 0.9954 0.942 0.5839 
-1.341 2.6999 0.3217 -0.0094 0.0959 0.9953 0.7507 0.5597 
0.1337 3.845 0.2272 -0.0092 0.094 0.9955 0.8717 0.6539 

indices
1 3 2 
1 2 0 
5 7 6 
5 6 4 
9 11 10 
9 10 8 
end
