vnt
verts:xyz,bones:xzy
0.9033 1.0012 0.1386 -0.0 0.0 -1.0 0.4876 0.6649 
0.8867 3.2782 0.1386 -0.0 0.0 -1.0 0.4851 0.9951 
-0.9357 1.0238 0.1386 -0.0 0.0 -1.0 0.2209 0.6681 
-0.8491 3.2709 0.1386 0.0 0.0 -1.0 0.2334 0.994 
-0.8656 2.6941 -0.0633 -0.0 0.0 -1.0 0.0286 0.9795 
-0.9521 0.3557 -0.0633 -0.0 0.0 -1.0 0.0198 0.7412 
0.8703 2.6101 -0.0633 -0.0 0.0 -1.0 0.2055 0.9709 
0.7865 0.3605 -0.0633 0.0 0.0 -1.0 0.1969 0.7417 
0.9216 1.1608 0.3063 0.0 0.0 -1.0 0.7476 0.6674 
0.905 3.4378 0.3063 0.0 0.0 -1.0 0.7451 0.9976 
-0.9175 1.1834 0.3063 0.0 0.0 -1.0 0.4809 0.6707 
-0.8309 3.4305 0.3063 0.0 0.0 -1.0 0.4934 0.9965 

indices
1 0 2 
1 2 3 
6 7 5 
6 5 4 
8 11 9 
8 10 11 
end
