vnt
verts:xyz,bones:xzy
0.069 -0.118 0.0127 0.0 0.0 1.0 0.0679 0.5322 
0.069 0.0355 0.0127 0.0 0.0 1.0 0.0679 0.6494 
0.2073 -0.118 0.0127 0.0 0.0 1.0 0.1735 0.5322 
0.2073 0.0355 0.0127 0.0 0.0 1.0 0.1735 0.6494 
-0.0673 0.4496 0.0151 0.0 0.0 1.0 0.1009 0.5093 
-0.0834 -0.0764 0.0151 -0.0 0.0 1.0 0.1009 0.1811 
-0.1948 0.4535 0.0151 0.0 0.0 1.0 0.0213 0.5093 
-0.211 -0.0725 0.0151 -0.0 0.0 1.0 0.0213 0.1811 
0.0078 -0.2628 0.0074 0.0 0.0 1.0 0.0732 0.7012 
0.0078 -0.1289 0.0074 0.0 0.0 1.0 0.0732 0.7865 
0.1372 -0.2628 0.0074 0.0 0.0 1.0 0.1627 0.7012 
0.1372 -0.1289 0.0074 0.0 0.0 1.0 0.1627 0.7865 
-0.0118 -0.1289 0.0074 0.0 0.0 1.0 0.1627 0.7865 
-0.0118 -0.2628 0.0074 0.0 0.0 1.0 0.1627 0.7012 
-0.1501 -0.1289 0.0074 0.0 0.0 1.0 0.0732 0.7865 
-0.1501 -0.2628 0.0074 0.0 0.0 1.0 0.0732 0.7012 
-0.1582 -0.1852 0.0074 0.0 0.0 1.0 0.0364 0.7946 
-0.1582 0.1686 0.0074 0.0 0.0 1.0 0.0364 0.9846 
0.1453 -0.1852 0.0074 0.0 0.0 1.0 0.1995 0.7946 
0.1453 0.1686 0.0074 0.0 0.0 1.0 0.1995 0.9846 

indices
1 2 3 
9 8 10 
6 7 5 
17 16 18 
14 15 13 
1 0 2 
9 10 11 
6 5 4 
17 18 19 
14 13 12 
end
