vnt
verts:xyz,bones:xzy
1.3032 1.0894 0.8034 -0.0003 0.4633 0.8862 0.5623 0.3595 
1.1256 2.5161 0.0574 -0.017 0.4871 0.8732 0.5521 0.7035 
-1.3914 0.0078 -0.312 -0.9978 0.0433 0.0492 0.0018 0.7137 
1.2781 0.0078 -0.4884 0.9965 0.0431 0.0723 0.9979 0.7137 
-1.3366 1.276 -0.3117 -0.9978 0.0431 0.0495 0.0018 0.9949 
1.2237 1.276 -0.4951 0.9963 0.0439 0.0732 0.9979 0.9949 
-1.292 1.276 0.5865 -0.6839 0.0337 0.7288 0.1963 0.9949 
-1.3465 2.5025 0.0539 0.0463 0.4645 0.8844 0.006 0.7052 
-1.3468 0.0078 0.594 -0.6995 0.0282 0.7141 0.198 0.7137 
-1.4709 1.0946 0.7999 0.0083 0.4804 0.877 0.0081 0.3613 
1.1416 1.276 0.6107 0.6643 0.0191 0.7472 0.7508 0.9949 
1.2006 0.0078 0.5799 0.6984 0.0146 0.7156 0.7592 0.7137 
1.2891 1.0489 -0.6598 0.0003 -0.4226 0.9063 1.0019 0.3805 
1.1106 2.5144 0.0236 0.0156 -0.4448 0.8955 0.9989 0.7003 
-1.3616 2.5015 0.0273 -0.0422 -0.4237 0.9048 0.5477 0.7018 
-1.4873 1.0548 -0.6561 -0.0074 -0.4385 0.8987 0.5441 0.382 
-0.1693 2.3817 0.0556 -0.0281 0.5215 0.8528 0.279 0.7044 
-0.1844 2.3803 0.0254 0.0258 -0.477 0.8785 0.7733 0.701 

indices
13 15 12 
10 8 11 
5 11 3 
6 2 8 
1 9 0 
17 15 13 
10 6 8 
5 10 11 
6 4 2 
16 9 1 
17 14 15 
16 7 9 
end
