vnt
verts:xyz,bones:xzy
-2.3979 0.9597 1.9165 -0.6196 0.5709 -0.5387 0.5021 0.9627 
-2.3979 0.9597 1.9165 -0.6196 0.5709 -0.5387 0.5012 0.9991 
-2.3979 0.9597 1.9165 -0.6196 0.5709 -0.5387 0.5021 0.9627 
-2.3979 0.9597 1.9165 -0.6196 0.5709 -0.5387 0.5236 0.9622 
-2.3912 0.9598 2.0616 -0.5604 0.561 0.6093 0.5021 0.9627 
-2.3912 0.9598 2.0616 -0.5604 0.561 0.6093 0.5012 0.9662 
-2.3912 0.9598 2.0616 -0.5604 0.561 0.6093 0.5021 0.9627 
-2.3912 0.9598 2.0616 -0.5604 0.561 0.6093 0.5013 0.9622 
-0.4405 0.0009 1.8804 0.7273 0.0284 -0.6857 0.9037 0.7603 
-0.4405 0.0009 1.8804 0.7273 0.0284 -0.6857 0.8701 0.7614 
-2.4004 0.0009 1.8804 -0.7334 0.0284 -0.6792 0.5009 0.7605 
-2.4004 0.0009 1.8804 -0.7334 0.0284 -0.6792 0.5251 0.7644 
-0.4491 0.0011 2.0623 0.6763 -0.0001 0.7367 0.9036 0.7606 
-0.4491 0.0011 2.0623 0.6763 -0.0001 0.7367 0.9029 0.7615 
-2.3919 0.0011 2.0624 -0.6703 0.0012 0.7421 0.5008 0.7604 
-2.3919 0.0011 2.0624 -0.6703 0.0012 0.7421 0.5011 0.7645 
-1.6589 0.9015 1.8758 0.2703 0.3216 -0.9075 0.6528 0.9432 
-1.6589 0.9015 1.8758 0.2703 0.3216 -0.9075 0.6258 0.93 
-1.6589 0.9015 1.8758 0.2703 0.3216 -0.9075 0.653 0.9628 
-1.6589 0.9015 1.8758 0.2703 0.3216 -0.9075 0.6534 0.9991 
-1.6589 0.9015 1.8758 0.2703 0.3216 -0.9075 0.6528 0.9431 
-1.6589 0.9016 2.021 0.3327 0.2941 0.896 0.6528 0.9432 
-1.6589 0.9016 2.021 0.3327 0.2941 0.896 0.6541 0.9296 
-1.6589 0.9016 2.021 0.3327 0.2941 0.896 0.6531 0.9584 
-1.6589 0.9016 2.021 0.3327 0.2941 0.896 0.6534 0.9662 
-1.6589 0.9016 2.021 0.3327 0.2941 0.896 0.6529 0.9429 
-1.6554 0.0009 1.8396 -0.0273 0.0401 -0.9988 0.6538 0.7604 
-1.6554 0.001 2.0217 0.0275 0.0009 0.9996 0.6537 0.7604 
-1.5298 0.901 1.8758 -0.2782 0.3353 -0.9001 0.6819 0.9516 
-1.5298 0.901 1.8758 -0.2782 0.3353 -0.9001 0.6812 0.9426 
-1.5298 0.901 1.8758 -0.2782 0.3353 -0.9001 0.6818 0.9516 
-1.5298 0.901 1.8758 -0.2782 0.3353 -0.9001 0.6796 0.9628 
-1.5298 0.901 1.8758 -0.2782 0.3353 -0.9001 0.68 0.9991 
-1.5298 0.9011 2.021 -0.3211 0.3106 0.8946 0.6812 0.9535 
-1.5298 0.9011 2.021 -0.3211 0.3106 0.8946 0.7067 0.9426 
-1.5298 0.9011 2.021 -0.3211 0.3106 0.8946 0.6812 0.9535 
-1.5298 0.9011 2.021 -0.3211 0.3106 0.8946 0.6798 0.9584 
-1.5298 0.9011 2.021 -0.3211 0.3106 0.8946 0.68 0.9662 
-1.5178 0.0009 1.8396 0.0191 0.0405 -0.999 0.6822 0.7604 
-1.5178 0.001 2.0217 -0.0191 0.0005 0.9998 0.6822 0.7605 
-1.5284 0.9436 2.021 -0.5705 0.5958 0.5653 0.6812 0.9627 
-1.5284 0.9436 2.021 -0.5705 0.5958 0.5653 0.68 0.9662 
-1.5284 0.9436 2.021 -0.5705 0.5958 0.5653 0.7067 0.9523 
-1.5284 0.9435 1.8758 -0.5508 0.5904 -0.5899 0.6821 0.9629 
-1.5284 0.9435 1.8758 -0.5508 0.5904 -0.5899 0.68 0.9991 
-1.5284 0.9435 1.8758 -0.5508 0.5904 -0.5899 0.6812 0.9523 
-0.4484 0.9171 2.0616 0.5587 0.5704 0.6021 0.9041 0.9628 
-0.4484 0.9171 2.0616 0.5587 0.5704 0.6021 0.904 0.9662 
-0.4484 0.9171 2.0616 0.5587 0.5704 0.6021 0.9041 0.9628 
-0.4484 0.9171 2.0616 0.5587 0.5704 0.6021 0.903 0.959 
-0.4416 0.917 1.9166 0.6095 0.579 -0.5415 0.9037 0.9628 
-0.4416 0.917 1.9166 0.6095 0.579 -0.5415 0.904 0.9991 
-0.4416 0.917 1.9166 0.6095 0.579 -0.5415 0.9037 0.9628 
-0.4416 0.917 1.9166 0.6095 0.579 -0.5415 0.8722 0.959 
-1.6573 0.9981 2.0209 0.5822 0.593 0.5563 0.6535 0.9627 
-1.6573 0.9981 2.0209 0.5822 0.593 0.5563 0.6534 0.9662 
-1.6573 0.9981 2.0209 0.5822 0.593 0.5563 0.6538 0.9058 
-1.6573 0.998 1.8757 0.5545 0.5858 -0.591 0.6535 0.9627 
-1.6573 0.998 1.8757 0.5545 0.5858 -0.591 0.6534 0.9991 
-1.6573 0.998 1.8757 0.5545 0.5858 -0.591 0.6255 0.9062 
1.3527 0.9434 1.9138 0.5025 0.6156 -0.6071 0.6533 0.9624 
1.3527 0.9434 1.9138 0.5025 0.6156 -0.6071 0.6255 0.9062 
1.3527 0.9434 1.9138 0.5025 0.6156 -0.6071 0.6534 0.9991 
1.3674 0.9435 2.0582 0.5719 0.6039 0.5552 0.6537 0.9624 
1.3674 0.9435 2.0582 0.5719 0.6039 0.5552 0.6538 0.9058 
1.3674 0.9435 2.0582 0.5719 0.6039 0.5552 0.6534 0.9662 
1.3575 0.8994 1.9133 0.264 0.3559 -0.8964 0.6543 0.9533 
1.3575 0.8994 1.9133 0.264 0.3559 -0.8964 0.6543 0.9629 
1.3575 0.8994 1.9133 0.264 0.3559 -0.8964 0.68 0.9991 
1.3575 0.8994 1.9133 0.264 0.3559 -0.8964 0.6258 0.93 
1.3722 0.8996 2.0578 0.3523 0.3419 0.8712 0.6547 0.9533 
1.3722 0.8996 2.0578 0.3523 0.3419 0.8712 0.6547 0.9629 
1.3722 0.8996 2.0578 0.3523 0.3419 0.8712 0.68 0.9662 
1.3722 0.8996 2.0578 0.3523 0.3419 0.8712 0.6541 0.9296 
1.3737 0.0011 2.0583 0.0576 0.0007 0.9983 0.6561 0.769 
1.3737 0.0011 2.0583 0.0576 0.0007 0.9983 0.6561 0.7786 
1.3552 0.0009 1.8771 -0.0569 0.0406 -0.9976 0.6555 0.769 
1.3552 0.0009 1.8771 -0.0569 0.0406 -0.9976 0.6555 0.7786 
0.5582 0.0011 2.0693 -0.6847 0.0011 0.7289 0.5011 0.7645 
0.5582 0.0011 2.0693 -0.6847 0.0011 0.7289 0.5019 0.769 
2.5096 0.001 1.9425 0.7751 0.0 0.6319 0.9029 0.7615 
2.5096 0.001 1.9425 0.7751 0.0 0.6319 0.9033 0.7786 
0.5491 0.0009 1.8874 -0.7199 0.0295 -0.6935 0.5251 0.7644 
0.5491 0.0009 1.8874 -0.7199 0.0295 -0.6935 0.5017 0.769 
2.4912 0.0008 1.7613 0.621 0.0292 -0.7833 0.8701 0.7614 
2.4912 0.0008 1.7613 0.621 0.0292 -0.7833 0.9033 0.7786 
0.5589 0.9304 2.0686 -0.562 0.5748 0.5948 0.5014 0.9623 
0.5589 0.9304 2.0686 -0.562 0.5748 0.5948 0.5015 0.9508 
0.5589 0.9304 2.0686 -0.562 0.5748 0.5948 0.5012 0.9662 
2.5103 0.8753 1.9417 0.6389 0.5708 0.5157 0.9025 0.9512 
2.5103 0.8753 1.9417 0.6389 0.5708 0.5157 0.904 0.9623 
2.5103 0.8753 1.9417 0.6389 0.5708 0.5157 0.904 0.9662 
0.5517 0.9303 1.9236 -0.6013 0.5805 -0.5491 0.5012 0.9623 
0.5517 0.9303 1.9236 -0.6013 0.5805 -0.5491 0.5238 0.9508 
0.5517 0.9303 1.9236 -0.6013 0.5805 -0.5491 0.5012 0.9991 
2.4955 0.8752 1.7973 0.5249 0.5809 -0.6221 0.8718 0.9512 
2.4955 0.8752 1.7973 0.5249 0.5809 -0.6221 0.9038 0.9623 
2.4955 0.8752 1.7973 0.5249 0.5809 -0.6221 0.904 0.9991 
-0.2419 1.1194 1.9015 0.6054 0.5769 -0.5483 0.9041 0.9582 
-0.2419 1.1194 1.9015 0.6054 0.5769 -0.5483 0.9031 0.9584 
-0.2419 1.1194 1.9015 0.6054 0.5769 -0.5483 0.9021 0.9684 
-0.4424 1.1194 1.8915 -0.5478 0.5769 -0.6059 0.9041 0.9582 
-0.4424 1.1194 1.8915 -0.5478 0.5769 -0.6059 0.8699 0.9584 
-0.4424 1.1194 1.8915 -0.5478 0.5769 -0.6059 0.8731 0.9684 
-0.2519 1.1196 2.102 0.5478 0.5778 0.605 0.8713 0.9585 
-0.2519 1.1196 2.102 0.5478 0.5778 0.605 0.9031 0.9584 
-0.2519 1.1196 2.102 0.5478 0.5778 0.605 0.9021 0.9974 
-0.4524 1.1196 2.092 -0.6054 0.5778 0.5474 0.8713 0.9585 
-0.4524 1.1196 2.092 -0.6054 0.5778 0.5474 0.8699 0.9584 
-0.4524 1.1196 2.092 -0.6054 0.5778 0.5474 0.8731 0.9974 
-0.2419 -0.0078 1.9024 0.7415 -0.0005 -0.671 0.9026 0.774 
-0.2419 -0.0078 1.9024 0.7415 -0.0005 -0.671 0.9031 0.7717 
-0.4424 -0.0078 1.8924 -0.671 -0.0006 -0.7415 0.9026 0.774 
-0.4424 -0.0078 1.8924 -0.671 -0.0006 -0.7415 0.8699 0.7717 
-0.2519 -0.0076 2.1029 0.671 0.0006 0.7415 0.8698 0.7743 
-0.2519 -0.0076 2.1029 0.671 0.0006 0.7415 0.9031 0.7717 
-0.4524 -0.0076 2.0929 -0.7415 0.0005 0.671 0.8698 0.7743 
-0.4524 -0.0076 2.0929 -0.7415 0.0005 0.671 0.8699 0.7717 
0.3607 -0.0076 2.0969 -0.6746 0.0006 0.7382 0.8699 0.7717 
0.3607 -0.0076 2.0969 -0.6746 0.0006 0.7382 0.8698 0.7743 
0.5612 -0.0076 2.0879 0.7382 0.0005 0.6746 0.9031 0.7717 
0.5612 -0.0076 2.0879 0.7382 0.0005 0.6746 0.8698 0.7743 
0.3517 -0.0078 1.8964 -0.7382 -0.0005 -0.6746 0.8699 0.7717 
0.3517 -0.0078 1.8964 -0.7382 -0.0005 -0.6746 0.9026 0.774 
0.5522 -0.0078 1.8874 0.6746 -0.0006 -0.7382 0.9031 0.7717 
0.5522 -0.0078 1.8874 0.6746 -0.0006 -0.7382 0.9026 0.774 
0.3607 1.1196 2.096 -0.5508 0.5778 0.6023 0.8731 0.9974 
0.3607 1.1196 2.096 -0.5508 0.5778 0.6023 0.8699 0.9584 
0.3607 1.1196 2.096 -0.5508 0.5778 0.6023 0.8713 0.9585 
0.5612 1.1196 2.087 0.6027 0.5778 0.5503 0.9021 0.9974 
0.5612 1.1196 2.087 0.6027 0.5778 0.5503 0.9031 0.9584 
0.5612 1.1196 2.087 0.6027 0.5778 0.5503 0.8713 0.9585 
0.3517 1.1194 1.8955 -0.6027 0.5769 -0.5513 0.8731 0.9684 
0.3517 1.1194 1.8955 -0.6027 0.5769 -0.5513 0.8699 0.9584 
0.3517 1.1194 1.8955 -0.6027 0.5769 -0.5513 0.9041 0.9582 
0.5522 1.1194 1.8865 0.5508 0.5769 -0.6032 0.9021 0.9684 
0.5522 1.1194 1.8865 0.5508 0.5769 -0.6032 0.9031 0.9584 
0.5522 1.1194 1.8865 0.5508 0.5769 -0.6032 0.9041 0.9582 
0.3605 1.0343 1.9336 0.018 0.667 -0.7448 0.8742 0.8504 
0.3605 1.0343 1.9336 0.018 0.667 -0.7448 0.5009 0.8527 
0.3605 0.924 1.9387 -0.02 -0.7441 -0.6677 0.9025 0.8525 
0.3605 0.924 1.9387 -0.02 -0.7441 -0.6677 0.5323 0.8526 
0.3605 1.0394 2.044 0.0197 0.7329 0.6801 0.9025 0.8509 
0.3605 1.0394 2.044 0.0197 0.7329 0.6801 0.5009 0.8527 
0.3605 0.929 2.049 -0.0183 -0.6805 0.7325 0.8742 0.8529 
0.3605 0.929 2.049 -0.0183 -0.6805 0.7325 0.5323 0.8526 
-0.2542 1.0509 1.9336 0.0183 0.6788 -0.7341 0.8738 0.9589 
-0.2542 1.0509 1.9336 0.0183 0.6788 -0.7341 0.5007 0.9625 
-0.2549 0.9405 1.9387 -0.0197 -0.7343 -0.6786 0.9029 0.9609 
-0.2549 0.9405 1.9387 -0.0197 -0.7343 -0.6786 0.5323 0.9625 
-0.2542 1.0559 2.044 0.02 0.7427 0.6693 0.9019 0.9592 
-0.2542 1.0559 2.044 0.02 0.7427 0.6693 0.5007 0.9625 
-0.2549 0.9456 2.049 -0.018 -0.6687 0.7433 0.8748 0.9612 
-0.2549 0.9456 2.049 -0.018 -0.6687 0.7433 0.5323 0.9625 
2.4248 0.7844 1.8071 0.7024 0.7083 0.0712 0.904 0.9991 
2.4248 0.7844 1.8071 0.7024 0.7083 0.0712 0.9034 0.9643 
2.2566 0.7844 1.8254 -0.747 0.6571 0.1012 0.904 0.9662 
2.2566 0.7844 1.8254 -0.747 0.6571 0.1012 0.904 0.9623 
2.4675 -0.0102 1.8024 0.9983 0.0538 -0.023 0.9033 0.7786 
2.2565 -0.0102 1.8253 -0.9997 0.0001 0.0235 0.9033 0.7786 
2.2954 -0.012 -0.4454 -0.9987 0.0158 -0.0492 0.5395 0.5247 
2.2954 -0.012 -0.4454 -0.9987 0.0158 -0.0492 0.5019 0.769 
2.4373 -0.0112 0.4873 0.9986 0.0462 0.0274 0.6817 0.7786 
2.4373 -0.0112 0.4873 0.9986 0.0462 0.0274 0.6555 0.769 
2.2251 -0.0112 0.4901 -0.9997 -0.0001 -0.0257 0.6823 0.7786 
2.2251 -0.0112 0.4901 -0.9997 -0.0001 -0.0257 0.6561 0.769 
2.225 0.9547 0.4876 -0.8885 0.3442 0.3035 0.6547 0.9533 
2.225 0.9547 0.4876 -0.8885 0.3442 0.3035 0.6544 0.9386 
2.225 0.9547 0.4876 -0.8885 0.3442 0.3035 0.681 0.9671 
2.225 0.9547 0.4876 -0.8885 0.3442 0.3035 0.6809 0.9629 
2.3942 0.9547 0.4854 0.8521 0.3563 0.3833 0.6543 0.9533 
2.3942 0.9547 0.4854 0.8521 0.3563 0.3833 0.6261 0.9382 
2.3942 0.9547 0.4854 0.8521 0.3563 0.3833 0.681 0.9989 
2.3942 0.9547 0.4854 0.8521 0.3563 0.3833 0.6801 0.965 
2.3942 0.9547 0.4854 0.8521 0.3563 0.3833 0.6539 0.9554 
2.225 1.0059 0.482 -0.6099 0.6078 0.5086 0.6537 0.9624 
2.225 1.0059 0.482 -0.6099 0.6078 0.5086 0.6534 0.9662 
2.225 1.0059 0.482 -0.6099 0.6078 0.5086 0.6541 0.9625 
2.3941 1.0059 0.4798 0.5517 0.6241 0.5533 0.6533 0.9624 
2.3941 1.0059 0.4798 0.5517 0.6241 0.5533 0.6534 0.9991 
2.3941 1.0059 0.4798 0.5517 0.6241 0.5533 0.6258 0.9621 
-2.1725 1.0059 0.5656 0.5554 0.6204 0.5538 0.6533 0.9624 
-2.1725 1.0059 0.5656 0.5554 0.6204 0.5538 0.6258 0.9621 
-2.1725 1.0059 0.5656 0.5554 0.6204 0.5538 0.6534 0.9991 
-2.3417 1.0059 0.5678 -0.6071 0.6058 0.5142 0.6537 0.9624 
-2.3417 1.0059 0.5678 -0.6071 0.6058 0.5142 0.6541 0.9625 
-2.3417 1.0059 0.5678 -0.6071 0.6058 0.5142 0.6534 0.9662 
-2.1724 0.9547 0.5712 0.8676 0.3593 0.3437 0.6543 0.9533 
-2.1724 0.9547 0.5712 0.8676 0.3593 0.3437 0.6805 0.9629 
-2.1724 0.9547 0.5712 0.8676 0.3593 0.3437 0.681 0.9989 
-2.1724 0.9547 0.5712 0.8676 0.3593 0.3437 0.6261 0.9382 
-2.3416 0.9548 0.5734 -0.8998 0.3411 0.2721 0.6547 0.9533 
-2.3416 0.9548 0.5734 -0.8998 0.3411 0.2721 0.6543 0.9554 
-2.3416 0.9548 0.5734 -0.8998 0.3411 0.2721 0.6805 0.965 
-2.3416 0.9548 0.5734 -0.8998 0.3411 0.2721 0.681 0.9671 
-2.3416 0.9548 0.5734 -0.8998 0.3411 0.2721 0.6544 0.9386 
-2.3416 -0.0111 0.576 -0.9997 -0.0001 -0.0257 0.6561 0.769 
-2.3416 -0.0111 0.576 -0.9997 -0.0001 -0.0257 0.6823 0.7786 
-2.1293 -0.0111 0.5731 0.9987 0.0446 0.0263 0.6555 0.769 
-2.1293 -0.0111 0.5731 0.9987 0.0446 0.0263 0.6817 0.7786 
-2.2702 -0.0119 -0.3671 -0.9989 0.0093 -0.0456 0.5395 0.5247 
-2.2702 -0.0119 -0.3671 -0.9989 0.0093 -0.0456 0.5019 0.769 
-2.3101 -0.0101 1.8869 -0.9997 -0.0003 0.0237 0.9033 0.7786 
-2.0585 -0.0119 -0.3556 0.9984 0.0346 0.0441 0.5402 0.5247 
-2.0585 -0.0119 -0.3556 0.9984 0.0346 0.0441 0.5017 0.769 
-2.0991 -0.0101 1.8683 0.9987 0.0457 -0.0225 0.9033 0.7786 
-2.2595 0.981 -0.3669 -0.6864 0.7238 -0.0709 0.5014 0.9623 
-2.2595 0.981 -0.3669 -0.6864 0.7238 -0.0709 0.5388 0.745 
-2.2595 0.981 -0.3669 -0.6864 0.7238 -0.0709 0.5386 0.7109 
-2.2595 0.981 -0.3669 -0.6864 0.7238 -0.0709 0.501 0.9644 
-2.2595 0.981 -0.3669 -0.6864 0.7238 -0.0709 0.5012 0.9662 
-2.31 0.9268 1.9111 -0.7086 0.7049 0.0315 0.9035 0.9643 
-2.31 0.9268 1.9111 -0.7086 0.7049 0.0315 0.904 0.9662 
-2.0907 0.981 -0.3576 0.7004 0.7138 -0.0005 0.5012 0.9623 
-2.0907 0.981 -0.3576 0.7004 0.7138 -0.0005 0.5386 0.7113 
-2.0907 0.981 -0.3576 0.7004 0.7138 -0.0005 0.5386 0.7109 
-2.0907 0.981 -0.3576 0.7004 0.7138 -0.0005 0.5012 0.9991 
-2.1419 0.9268 1.9048 0.6838 0.7296 -0.0004 0.9038 0.9623 
-2.1419 0.9268 1.9048 0.6838 0.7296 -0.0004 0.904 0.9991 
-1.7864 -0.0101 -1.3007 -0.2421 -0.0008 -0.9702 0.9951 0.3186 
-0.5245 -0.0103 -1.6156 -0.2421 -0.0008 -0.9702 0.6453 0.3185 
-1.5269 -0.0092 -0.2607 0.2421 0.0008 0.9702 0.3534 0.3185 
-0.265 -0.0095 -0.5756 0.2421 0.0008 0.9702 0.0045 0.3185 
-1.7871 0.4938 -1.301 -0.2421 -0.0008 -0.9702 0.9952 0.4608 
-0.5245 0.4935 -1.616 -0.2421 -0.0008 -0.9702 0.6455 0.4607 
-1.5274 0.4946 -0.261 0.2421 0.0008 0.9702 0.3535 0.4608 
-0.265 0.4944 -0.576 0.2421 0.0008 0.9702 0.0045 0.4608 
-1.5248 0.4946 -0.2617 -0.9703 0.0013 0.2421 0.3536 0.4608 
-1.7842 0.4938 -1.3017 -0.9703 0.0015 0.242 0.6454 0.4607 
-1.5253 -0.0092 -0.2611 -0.9703 0.0013 0.2421 0.3535 0.3186 
-1.7848 -0.0101 -1.3011 -0.9703 0.0014 0.242 0.6453 0.3185 
-0.2648 0.4944 -0.5761 0.9702 -0.0003 -0.2422 0.3536 0.4608 
-0.5244 0.4935 -1.6161 0.9702 -0.0002 -0.2421 0.6453 0.4607 
-0.2648 -0.0095 -0.5757 0.9702 -0.0002 -0.2421 0.3535 0.3185 
-0.5244 -0.0103 -1.6157 0.9702 -0.0001 -0.2421 0.6452 0.3185 
-0.3431 1.0089 -1.097 0.0906 0.6776 0.7299 0.001 0.9994 
-1.7179 1.0091 -0.7532 0.264 0.6767 0.6873 0.2925 0.999 
-0.0951 0.3905 -0.35 0.1181 0.8733 0.4726 0.001 0.6622 
-1.5855 0.3908 0.022 0.1181 0.8733 0.4726 0.2923 0.6623 
-0.2317 0.6309 -0.76 0.1214 0.804 0.582 0.001 0.8303 
-1.6579 0.6312 -0.4041 0.1668 0.8038 0.571 0.2924 0.8304 
-1.8293 0.6306 -1.0912 -0.1213 0.8029 -0.5836 0.2924 0.8304 
-0.4031 0.6303 -1.4471 -0.1665 0.8031 -0.5721 0.001 0.8303 
-1.9656 0.3896 -1.5009 -0.1181 0.8726 -0.474 0.2923 0.6623 
-0.4751 0.3893 -1.8728 -0.1181 0.8726 -0.474 0.001 0.6622 
-1.7184 1.0091 -0.7554 -0.0901 0.6756 -0.7317 0.2925 0.999 
-0.3433 1.0089 -1.0978 -0.2632 0.6764 -0.6879 0.001 0.9994 
-0.8518 0.94 -0.9699 0.1427 0.7358 0.662 0.0982 0.9991 
-1.2092 0.94 -0.8805 0.1858 0.7354 0.6517 0.1869 0.9992 
-1.2095 0.94 -0.8818 -0.1424 0.7343 -0.6637 0.1869 0.9992 
-0.852 0.94 -0.9709 -0.1853 0.7348 -0.6525 0.0982 0.9991 
-1.5371 0.5055 -0.2144 -0.9703 -0.0002 0.2419 0.0035 0.473 
-1.8126 0.5003 -1.3193 -0.9703 -0.0002 0.2419 0.3965 0.4718 
-1.6751 0.9931 -0.7677 -0.9703 0.0 0.2419 0.2 0.6416 
-1.5907 0.628 -0.4292 -0.9703 -0.0001 0.2419 0.0798 0.5154 
-1.7578 0.628 -1.0995 -0.9703 -0.0002 0.2419 0.3184 0.5158 
-0.4323 0.6278 -1.4339 0.9703 0.0002 -0.2419 0.3194 0.5158 
-0.2644 0.6277 -0.7607 0.9703 0.0001 -0.2419 0.08 0.5154 
-0.3487 0.9929 -1.0987 0.9703 -0.0 -0.2419 0.2 0.6416 
-0.4862 0.5 -1.6503 0.9703 0.0002 -0.2419 0.3965 0.4718 
-0.2107 0.5053 -0.5454 0.9703 0.0002 -0.2419 0.0035 0.473 
-1.3564 1.0038 -2.1574 0.5591 0.6156 -0.5553 0.6533 0.9624 
-1.3564 1.0038 -2.1574 0.5591 0.6156 -0.5553 0.6258 0.9621 
-1.3564 1.0038 -2.1574 0.5591 0.6156 -0.5553 0.6534 0.9991 
-1.3557 1.0039 -1.9882 0.5151 0.6039 0.6082 0.6537 0.9624 
-1.3557 1.0039 -1.9882 0.5151 0.6039 0.6082 0.6541 0.9625 
-1.3557 1.0039 -1.9882 0.5151 0.6039 0.6082 0.6534 0.9662 
-1.3508 0.9526 -2.1574 0.3557 0.3649 -0.8604 0.6543 0.9533 
-1.3508 0.9526 -2.1574 0.3557 0.3649 -0.8604 0.6539 0.9554 
-1.3508 0.9526 -2.1574 0.3557 0.3649 -0.8604 0.3966 0.7109 
-1.3508 0.9526 -2.1574 0.3557 0.3649 -0.8604 0.5388 0.745 
-1.3508 0.9526 -2.1574 0.3557 0.3649 -0.8604 0.6261 0.9382 
-1.3501 0.9528 -1.9882 0.2912 0.3356 0.8959 0.6547 0.9533 
-1.3501 0.9528 -1.9882 0.2912 0.3356 0.8959 0.5386 0.7109 
-1.3501 0.9528 -1.9882 0.2912 0.3356 0.8959 0.5386 0.7113 
-1.3501 0.9528 -1.9882 0.2912 0.3356 0.8959 0.6544 0.9386 
-1.3484 -0.0132 -1.9874 -0.0239 0.0045 0.9997 0.6561 0.769 
-1.3484 -0.0132 -1.9874 -0.0239 0.0045 0.9997 0.5402 0.5247 
-1.3492 -0.0133 -2.1997 0.0259 0.0407 -0.9988 0.6555 0.769 
-1.3492 -0.0133 -2.1997 0.0259 0.0407 -0.9988 0.3975 0.5247 
-2.2955 -0.0132 -2.0672 -0.7524 0.0011 0.6587 0.5011 0.7645 
-2.2955 -0.0132 -2.0672 -0.7524 0.0011 0.6587 0.5019 0.769 
0.1607 -0.0132 -2.0286 0.068 0.0235 0.9974 0.8311 0.5255 
0.1607 -0.0132 -2.0286 0.068 0.0235 0.9974 0.8311 0.5255 
-2.2853 -0.0134 -2.2792 -0.6481 0.0319 -0.7609 0.5251 0.7644 
-2.2853 -0.0134 -2.2792 -0.6481 0.0319 -0.7609 0.5017 0.769 
-2.2946 0.9886 -2.0679 -0.6173 0.5747 0.5373 0.5014 0.9623 
-2.2946 0.9886 -2.0679 -0.6173 0.5747 0.5373 0.5015 0.9508 
-2.2946 0.9886 -2.0679 -0.6173 0.5747 0.5373 0.5012 0.9662 
0.1605 0.8524 -2.049 0.0757 0.6978 0.7123 0.8317 0.746 
0.1605 0.8524 -2.049 0.0757 0.6978 0.7123 0.8317 0.7112 
0.1605 0.8524 -2.049 0.0757 0.6978 0.7123 0.8316 0.7112 
0.1605 0.8524 -2.049 0.0757 0.6978 0.7123 0.8316 0.7111 
-2.2865 0.9884 -2.2369 -0.5452 0.5813 -0.604 0.5012 0.9623 
-2.2865 0.9884 -2.2369 -0.5452 0.5813 -0.604 0.5238 0.9508 
-2.2865 0.9884 -2.2369 -0.5452 0.5813 -0.604 0.5007 0.9644 
-2.2865 0.9884 -2.2369 -0.5452 0.5813 -0.604 0.5012 0.9991 
0.1603 0.8523 -2.2167 -0.0276 0.7187 -0.6948 0.8316 0.7111 
0.1603 0.8523 -2.2167 -0.0276 0.7187 -0.6948 0.6806 0.7112 
0.1603 0.8523 -2.2167 -0.0276 0.7187 -0.6948 0.6807 0.7112 
0.1603 0.8523 -2.2167 -0.0276 0.7187 -0.6948 0.8317 0.746 
2.5797 0.919 -2.2435 0.5905 0.5937 0.5467 0.5012 0.9623 
2.5797 0.919 -2.2435 0.5905 0.5937 0.5467 0.5012 0.9991 
2.5797 0.919 -2.2435 0.5905 0.5937 0.5467 0.5238 0.9508 
2.5718 0.9188 -2.4125 0.5545 0.585 -0.5918 0.501 0.9644 
2.5718 0.9188 -2.4125 0.5545 0.585 -0.5918 0.5012 0.9662 
2.5718 0.9188 -2.4125 0.5545 0.585 -0.5918 0.5015 0.9508 
2.5826 -0.0133 -2.1998 0.7158 0.0362 0.6973 0.5017 0.769 
2.5826 -0.0133 -2.1998 0.7158 0.0362 0.6973 0.5251 0.7644 
0.1604 -0.0134 -2.2386 -0.0685 0.0252 -0.9973 0.6801 0.5255 
0.1604 -0.0134 -2.2386 -0.0685 0.0252 -0.9973 0.6801 0.5255 
2.5727 -0.0135 -2.4118 0.687 0.0 -0.7267 0.5019 0.769 
2.5727 -0.0135 -2.4118 0.687 0.0 -0.7267 0.5011 0.7645 
1.6431 -0.0133 -2.1908 0.0644 0.0461 0.9969 0.5395 0.5247 
1.6431 -0.0133 -2.1908 0.0644 0.0461 0.9969 0.6555 0.769 
1.6223 -0.0135 -2.402 -0.0659 0.0035 -0.9978 0.9682 0.5267 
1.6223 -0.0135 -2.402 -0.0659 0.0035 -0.9978 0.6561 0.769 
1.624 0.8504 -2.4028 -0.3508 0.3342 -0.8748 0.6543 0.9554 
1.624 0.8504 -2.4028 -0.3508 0.3342 -0.8748 0.6544 0.9386 
1.624 0.8504 -2.4028 -0.3508 0.3342 -0.8748 0.5386 0.7113 
1.624 0.8504 -2.4028 -0.3508 0.3342 -0.8748 0.9686 0.7089 
1.6407 0.8505 -2.2345 -0.2518 0.3671 0.8955 0.6543 0.9533 
1.6407 0.8505 -2.2345 -0.2518 0.3671 0.8955 0.6261 0.9382 
1.6407 0.8505 -2.2345 -0.2518 0.3671 0.8955 0.5388 0.745 
1.6407 0.8505 -2.2345 -0.2518 0.3671 0.8955 0.5386 0.7109 
1.6296 0.9015 -2.4034 -0.5793 0.5929 -0.5595 0.6533 0.9645 
1.6296 0.9015 -2.4034 -0.5793 0.5929 -0.5595 0.6534 0.9662 
1.6296 0.9015 -2.4034 -0.5793 0.5929 -0.5595 0.6541 0.9625 
1.6462 0.9017 -2.2351 -0.5144 0.6057 0.6071 0.6533 0.9624 
1.6462 0.9017 -2.2351 -0.5144 0.6057 0.6071 0.6534 0.9991 
1.6462 0.9017 -2.2351 -0.5144 0.6057 0.6071 0.6258 0.9621 
2.3167 0.972 -0.4468 -0.6844 0.7253 -0.0743 0.5014 0.9623 
2.3167 0.972 -0.4468 -0.6844 0.7253 -0.0743 0.5386 0.7109 
2.3167 0.972 -0.4468 -0.6844 0.7253 -0.0743 0.5388 0.745 
2.3167 0.972 -0.4468 -0.6844 0.7253 -0.0743 0.5012 0.9662 
2.4856 0.9719 -0.4512 0.7056 0.7086 0.0026 0.5012 0.9623 
2.4856 0.9719 -0.4512 0.7056 0.7086 0.0026 0.5486 0.7099 
2.4856 0.9719 -0.4512 0.7056 0.7086 0.0026 0.5386 0.7113 
2.4856 0.9719 -0.4512 0.7056 0.7086 0.0026 0.5012 0.9991 
2.4856 0.9719 -0.4512 0.7056 0.7086 0.0026 0.5007 0.9644 
2.507 -0.012 -0.451 0.9985 0.0282 0.0474 0.5486 0.5247 
2.507 -0.012 -0.451 0.9985 0.0282 0.0474 0.5017 0.769 
2.5263 -0.0134 -2.2599 0.9996 0.026 0.0106 0.8311 0.5255 
2.3189 -0.0134 -2.2608 -0.9997 0.0199 -0.0129 0.8311 0.5255 
2.5038 0.8523 -2.2608 0.7138 0.6993 -0.0379 0.8316 0.7102 
2.5038 0.8523 -2.2608 0.7138 0.6993 -0.0379 0.8316 0.7111 
2.3361 0.8524 -2.2617 -0.7121 0.7 -0.0543 0.8317 0.7112 
2.3361 0.8524 -2.2617 -0.7121 0.7 -0.0543 0.8317 0.746 
-2.241 0.8525 -2.107 -0.7348 0.676 -0.0551 0.8317 0.746 
-2.241 0.8525 -2.107 -0.7348 0.676 -0.0551 0.8317 0.7112 
-2.0742 0.8525 -2.0898 0.6953 0.7171 -0.0481 0.8316 0.7111 
-2.0742 0.8525 -2.0898 0.6953 0.7171 -0.0481 0.8316 0.7112 
-2.2582 -0.0133 -2.1077 -0.9998 0.0199 -0.0069 0.8311 0.5255 
-2.0518 -0.0133 -2.0866 0.9997 0.0259 0.0039 0.8311 0.5255 

indices
33 46 40 
50 28 43 
4 21 54 
16 0 57 
66 92 60 
86 70 63 
331 166 175 
170 335 178 
187 213 181 
206 191 184 
236 240 248 
247 239 235 
245 249 241 
250 246 242 
255 254 253 
256 258 257 
267 293 261 
286 272 264 
304 317 325 
321 301 328 
214 350 207 
350 348 207 
203 353 351 
203 351 215 
208 349 200 
349 352 200 
332 346 160 
346 343 160 
340 342 344 
340 344 336 
337 345 347 
337 347 333 
305 326 329 
305 329 302 
318 322 330 
318 330 327 
319 297 323 
297 289 323 
315 309 298 
315 298 320 
324 290 313 
290 282 313 
311 316 317 
311 317 304 
301 321 307 
321 314 307 
312 306 303 
312 303 308 
280 287 294 
280 294 284 
295 268 285 
268 278 285 
281 276 272 
281 272 286 
269 299 279 
299 310 279 
277 283 291 
277 291 273 
274 292 270 
292 300 270 
275 271 262 
275 262 265 
288 266 263 
288 263 296 
259 256 260 
256 257 260 
252 251 255 
251 254 255 
249 250 241 
250 242 241 
248 240 247 
240 239 247 
242 244 243 
242 243 241 
239 240 238 
239 238 237 
233 234 232 
233 232 231 
227 228 230 
227 230 229 
226 225 221 
226 221 222 
220 219 224 
219 223 224 
213 187 204 
187 198 204 
201 196 192 
201 192 209 
188 217 205 
188 205 199 
197 202 193 
202 211 193 
194 212 218 
194 218 189 
195 190 182 
195 182 185 
210 186 183 
210 183 216 
334 176 179 
334 179 338 
167 171 180 
167 180 177 
168 156 154 
168 154 172 
164 159 157 
164 157 169 
173 155 162 
155 158 162 
161 165 166 
161 166 331 
339 174 341 
174 163 341 
144 152 148 
144 148 140 
150 142 146 
142 138 146 
153 145 143 
153 143 151 
141 149 139 
149 147 139 
132 126 135 
126 129 135 
122 133 136 
122 136 124 
127 118 120 
127 120 130 
131 121 125 
131 125 137 
119 128 134 
119 134 123 
116 107 101 
116 101 112 
104 114 110 
104 110 98 
108 117 115 
108 115 105 
113 102 99 
113 99 111 
103 109 100 
109 106 100 
89 80 95 
80 84 95 
78 87 93 
78 93 82 
92 66 83 
66 76 83 
79 74 70 
79 70 86 
67 96 77 
96 85 77 
75 81 90 
75 90 71 
72 91 97 
72 97 68 
73 69 61 
73 61 64 
88 65 62 
88 62 94 
58 1 55 
1 5 55 
22 17 59 
22 59 56 
41 47 51 
41 51 44 
29 34 42 
29 42 45 
39 12 35 
12 48 35 
27 39 36 
27 36 23 
30 52 8 
30 8 38 
18 31 26 
31 38 26 
24 37 32 
24 32 19 
14 27 25 
14 25 6 
2 20 10 
20 26 10 
3 11 15 
3 15 7 
49 13 53 
13 9 53 
end
