vnt
verts:xyz,bones:xzy
1.9559 0.0136 -0.1677 -0.0049 -0.9554 -0.2954 0.9905 0.0116 
1.908 2.332 -0.4726 -0.016 0.0 -0.9999 0.9909 0.3233 
-7.0857 0.0119 -0.0233 -0.0047 -0.9524 -0.3047 0.0174 0.0082 
-7.1304 2.3328 -0.3283 -0.016 -0.0 -0.9999 0.0185 0.3233 
1.9481 0.108 -0.4732 -0.0129 -0.5988 -0.8008 0.9904 0.0519 
-7.0937 0.1097 -0.3289 -0.0128 -0.5847 -0.8111 0.0173 0.0521 
7.8011 0.0136 2.3878 0.0181 -0.9554 -0.2949 0.9905 0.0116 
7.7771 2.332 2.08 0.0619 -0.0 -0.9981 0.9909 0.3233 
-1.2243 0.0119 1.8277 0.0191 -0.9524 -0.3041 0.0174 0.0082 
-1.2451 2.3328 1.5201 0.0619 0.0 -0.9981 0.0185 0.3233 
7.8171 0.108 2.0825 0.0495 -0.5988 -0.7994 0.9904 0.0519 
-1.2085 0.1097 1.5224 0.0504 -0.5847 -0.8097 0.0173 0.0521 
0.91 0.0136 0.9924 -0.0068 -0.9554 -0.2954 0.9905 0.0116 
0.8601 2.332 0.6878 -0.0225 -0.0 -0.9997 0.9909 0.3233 
-8.1304 0.0119 1.1959 -0.0067 -0.9524 -0.3046 0.0174 0.0082 
-8.1771 2.3328 0.8912 -0.0225 0.0 -0.9997 0.0185 0.3233 
0.9002 0.108 0.6869 -0.0181 -0.5988 -0.8007 0.9904 0.0519 
-8.1405 0.1097 0.8903 -0.0181 -0.5847 -0.811 0.0173 0.0521 
2.0924 0.0136 2.6364 -0.0173 -0.9554 -0.2947 0.008 0.0116 
2.0314 2.332 2.3338 -0.0593 0.0 -0.9982 0.0075 0.3233 
-6.9344 0.0119 3.1724 -0.0182 -0.9525 -0.304 1.0006 0.0082 
-6.9923 2.3328 2.8696 -0.0593 -0.0 -0.9982 0.9995 0.3233 
2.0714 0.108 2.3314 -0.0474 -0.5987 -0.7996 0.0081 0.0519 
-6.9557 0.1097 2.8675 -0.0482 -0.5846 -0.8099 1.0007 0.0521 
1.4661 0.0136 -1.894 -0.0253 -0.9554 -0.2942 0.008 0.0116 
1.3968 2.332 -2.1948 -0.0863 0.0 -0.9963 0.0075 0.3233 
-7.5429 0.0119 -1.1132 -0.0265 -0.9525 -0.3034 1.0006 0.0082 
-7.609 2.3328 -1.4143 -0.0863 0.0 -0.9963 0.9995 0.3233 
1.4368 0.108 -2.1983 -0.069 -0.5987 -0.798 0.0081 0.0519 
-7.5725 0.1097 -1.4175 -0.0702 -0.5846 -0.8083 1.0007 0.0521 
3.0721 0.1549 0.2293 0.1037 -0.5712 -0.8142 0.4953 0.0521 
7.1757 0.1532 0.7507 0.0997 -0.61 -0.7861 0.0107 0.0519 
3.0355 2.3779 0.2271 0.1261 0.0012 -0.992 0.4941 0.3233 
3.0576 0.0571 0.5346 0.0389 -0.9522 -0.3031 0.4952 0.0082 
7.1356 2.3772 0.7483 0.1261 0.0012 -0.992 0.0102 0.3233 
7.161 0.0587 1.056 0.037 -0.955 -0.2942 0.0106 0.0116 
-1.7842 0.0587 4.8238 0.037 -0.955 -0.2942 0.5042 0.0116 
-1.8095 2.3772 4.5161 0.1261 0.0012 -0.992 0.5046 0.3233 
-5.8875 0.0571 4.3024 0.0389 -0.9522 -0.3031 0.0174 0.0082 
-5.9096 2.3779 3.995 0.1261 0.0012 -0.992 0.0185 0.3233 
-1.7695 0.1532 4.5185 0.0997 -0.61 -0.7861 0.5041 0.0519 
-5.8731 0.1549 3.9971 0.1037 -0.5712 -0.8142 0.0173 0.0521 
6.2398 0.0587 3.6276 -0.0324 -0.9545 -0.2965 1.0193 0.0116 
6.1381 2.3772 3.3366 -0.1072 0.0012 -0.9942 1.0198 0.3233 
3.1211 0.0571 3.9642 -0.0325 -0.9516 -0.3056 0.5902 0.0082 
3.0217 2.3779 3.6727 -0.1073 0.0012 -0.9942 0.5914 0.3233 
6.1677 0.1532 3.3306 -0.0847 -0.6172 -0.7822 1.0192 0.0519 
3.0488 0.1549 3.6673 -0.0886 -0.5612 -0.823 0.5902 0.0521 
-3.5095 0.0587 2.1101 0.0332 -0.9545 -0.2964 1.0193 0.0116 
-3.5452 2.3772 1.804 0.1128 0.0012 -0.9936 1.0198 0.3233 
-6.6264 0.0571 1.7566 0.0351 -0.9516 -0.3053 0.5902 0.0082 
-6.6597 2.3779 1.4505 0.1127 0.0012 -0.9936 0.5914 0.3233 
-3.5149 0.1532 1.8046 0.0884 -0.6172 -0.7818 1.0192 0.0519 
-6.632 0.1549 1.4511 0.0935 -0.5612 -0.8224 0.5902 0.0521 
7.1715 0.0136 -1.0288 0.0004 -0.9554 -0.2955 0.9905 0.0116 
7.129 2.332 -1.3346 0.0018 -0.0 -1.0 0.9909 0.3233 
-1.8713 0.0119 -1.0455 0.0007 -0.9524 -0.3047 0.0174 0.0082 
-1.9105 2.3328 -1.3512 0.0018 0.0 -1.0 0.0185 0.3233 
7.1691 0.108 -1.3345 0.0014 -0.5988 -0.8009 0.9904 0.0519 
-1.8739 0.1097 -1.3511 0.0016 -0.5847 -0.8112 0.0173 0.0521 
1.1269 0.0136 2.2935 -0.0068 -0.9554 -0.2954 0.9905 0.0116 
1.077 2.332 1.9889 -0.0225 -0.0 -0.9997 0.9909 0.3233 
-7.9136 0.0119 2.497 -0.0067 -0.9524 -0.3046 0.0174 0.0082 
-7.9602 2.3328 2.1923 -0.0225 0.0 -0.9997 0.0185 0.3233 
1.1171 0.108 1.988 -0.0181 -0.5988 -0.8007 0.9904 0.0519 
-7.9236 0.1097 2.1915 -0.0181 -0.5847 -0.811 0.0173 0.0521 
0.6932 0.0136 3.676 -0.0068 -0.9554 -0.2954 0.9905 0.0116 
0.6433 2.332 3.3714 -0.0225 -0.0 -0.9997 0.9909 0.3233 
-8.3473 0.0119 3.8794 -0.0067 -0.9524 -0.3047 0.0174 0.0082 
-8.3939 2.3328 3.5747 -0.0225 0.0 -0.9997 0.0185 0.3233 
0.6834 0.108 3.3704 -0.0181 -0.5988 -0.8007 0.9904 0.0519 
-8.3573 0.1097 3.5739 -0.0181 -0.5847 -0.811 0.0173 0.0521 
6.8156 0.0136 4.352 0.0001 -0.9554 -0.2955 0.9905 0.0116 
6.7729 2.332 4.0463 0.001 -0.0 -1.0 0.9909 0.3233 
-2.2271 0.0119 4.3426 0.0005 -0.9524 -0.3047 0.0174 0.0082 
-2.2666 2.3328 4.0369 0.001 -0.0 -1.0 0.0185 0.3233 
6.813 0.108 4.0463 0.0007 -0.5988 -0.8009 0.9904 0.0519 
-2.23 0.1097 4.037 0.0009 -0.5847 -0.8112 0.0173 0.0521 
6.9527 0.0136 1.524 -0.0022 -0.9554 -0.2955 0.9905 0.0116 
6.9075 2.332 1.2186 -0.0069 -0.0 -1.0 0.9909 0.3233 
-2.0899 0.0119 1.5865 -0.0019 -0.9524 -0.3047 0.0174 0.0082 
-2.1318 2.3328 1.2811 -0.0069 0.0 -1.0 0.0185 0.3233 
6.9476 0.108 1.2183 -0.0056 -0.5988 -0.8009 0.9904 0.0519 
-2.0951 0.1097 1.2808 -0.0055 -0.5847 -0.8112 0.0173 0.0521 
4.7841 0.0136 -0.6987 -0.0022 -0.9554 -0.2955 0.9905 0.0116 
4.739 2.332 -1.0041 -0.0069 -0.0 -1.0 0.9909 0.3233 
-4.2584 0.0119 -0.6363 -0.0019 -0.9524 -0.3047 0.0174 0.0082 
-4.3003 2.3328 -0.9416 -0.0069 0.0 -1.0 0.0185 0.3233 
4.7791 0.108 -1.0044 -0.0056 -0.5988 -0.8009 0.9904 0.0519 
-4.2637 0.1097 -0.9419 -0.0055 -0.5847 -0.8112 0.0173 0.0521 
2.8344 0.0136 0.5433 0.0004 -0.9554 -0.2955 0.9905 0.0116 
2.7919 2.332 0.2376 0.0018 -0.0 -1.0 0.9909 0.3233 
-6.2083 0.0119 0.5267 0.0007 -0.9524 -0.3047 0.0174 0.0082 
-6.2476 2.3328 0.221 0.0018 0.0 -1.0 0.0185 0.3233 
2.8321 0.108 0.2377 0.0014 -0.5988 -0.8009 0.9904 0.0519 
-6.2109 0.1097 0.221 0.0016 -0.5847 -0.8112 0.0173 0.0521 
7.827 0.0136 2.9458 -0.0126 -0.9554 -0.2952 0.9905 0.0116 
7.7711 2.332 2.6422 -0.0422 -0.0 -0.9991 0.9909 0.3233 
-1.2078 0.0119 3.327 -0.0127 -0.9524 -0.3045 0.0174 0.0082 
-1.2604 2.3328 3.0233 -0.0422 -0.0 -0.9991 0.0185 0.3233 
7.8112 0.108 2.6405 -0.0339 -0.5988 -0.8002 0.9904 0.0519 
-1.2238 0.1097 3.0218 -0.0341 -0.5847 -0.8105 0.0173 0.0521 

indices
4 3 1 
0 5 4 
4 5 3 
0 2 5 
10 9 7 
6 11 10 
10 11 9 
6 8 11 
16 15 13 
12 17 16 
16 17 15 
12 14 17 
28 26 29 
22 20 23 
29 27 25 
28 24 26 
29 25 28 
23 21 19 
22 18 20 
23 19 22 
35 33 30 
31 30 32 
35 30 31 
31 32 34 
40 39 37 
36 41 40 
40 41 39 
36 38 41 
46 45 43 
42 47 46 
46 47 45 
42 44 47 
52 51 49 
48 53 52 
52 53 51 
48 50 53 
58 57 55 
54 59 58 
58 59 57 
54 56 59 
64 63 61 
60 65 64 
64 65 63 
60 62 65 
70 69 67 
66 71 70 
70 71 69 
66 68 71 
76 75 73 
72 77 76 
76 77 75 
72 74 77 
82 81 79 
78 83 82 
82 83 81 
78 80 83 
88 87 85 
84 89 88 
88 89 87 
84 86 89 
94 93 91 
90 95 94 
94 95 93 
90 92 95 
100 99 97 
96 101 100 
100 101 99 
96 98 101 
end
